2019-08-27 18:11:44 -> nome
2019-08-27 18:11:44 -> 1.000000
2019-08-27 18:11:44 -> 0.057175
2019-08-27 18:11:44 -> 0.040462
2019-08-27 18:11:44 -> 0.029208
2019-08-27 18:11:44 -> 0.028443
2019-08-27 18:11:44 -> 0.034709
2019-08-27 18:11:44 -> 0.025630
2019-08-27 18:11:44 -> 0.024110
2019-08-27 18:11:44 -> 0.028675
2019-08-27 18:11:44 -> 0.025874
2019-08-27 18:11:44 -> 0.024064
2019-08-27 18:11:44 -> 0.024086
2019-08-27 18:11:44 -> 0.025227
2019-08-27 18:11:44 -> 0.023951
2019-08-27 18:11:44 -> 0.024238
2019-08-27 18:11:44 -> 0.025022
2019-08-27 18:11:44 -> 0.024193
2019-08-27 18:11:44 -> 0.024124
2019-08-27 18:11:44 -> 0.024521
2019-08-27 18:11:44 -> 0.023687
2019-08-27 18:11:44 -> 0.023768
2019-08-27 18:11:44 -> 0.025012
2019-08-27 18:11:44 -> 0.023743
2019-08-27 18:11:44 -> 0.023939
2019-08-27 18:11:44 -> 0.025045
2019-08-27 18:11:44 -> 0.024009
2019-08-27 18:11:44 -> 0.024127
2019-08-27 18:11:44 -> 0.025489
2019-08-27 18:11:44 -> 0.023809
2019-08-27 18:11:44 -> 0.024066
2019-08-27 18:11:44 -> 0.026113
2019-08-27 18:11:44 -> 0.023911
2019-08-27 18:11:44 -> 0.024020
2019-08-27 18:11:44 -> 0.025930
2019-08-27 18:11:44 -> 0.024257
2019-08-27 18:11:44 -> 0.043864
2019-08-27 18:11:44 -> 0.024400
2019-08-27 18:11:44 -> 0.023350
2019-08-27 18:11:44 -> 0.023419
2019-08-27 18:11:44 -> 0.024001
2019-08-27 18:11:44 -> 0.023327
2019-08-27 18:11:44 -> 0.022959
2019-08-27 18:11:44 -> 0.024368
2019-08-27 18:11:44 -> 0.022914
2019-08-27 18:11:44 -> 0.023325
2019-08-27 18:11:44 -> 0.027551
2019-08-27 18:11:44 -> 0.023493
2019-08-27 18:11:44 -> 0.022982
2019-08-27 18:11:44 -> 0.022959
2019-08-27 18:11:44 -> 0.023816
2019-08-27 18:11:44 -> 0.023519
2019-08-27 18:11:44 -> 0.023329
2019-08-27 18:11:44 -> 0.024628
2019-08-27 18:11:44 -> 0.023924
2019-08-27 18:11:44 -> 0.023497
2019-08-27 18:11:44 -> 0.027915
2019-08-27 18:11:44 -> 0.024680
2019-08-27 18:11:44 -> 0.023472
2019-08-27 18:11:44 -> 0.023099
2019-08-27 18:11:44 -> 0.024501
2019-08-27 18:11:44 -> 0.026227
2019-08-27 18:11:44 -> 0.023270
2019-08-27 18:11:44 -> 0.023828
2019-08-27 18:11:44 -> 0.023243
2019-08-27 18:11:44 -> 0.023207
2019-08-27 18:11:44 -> 0.027356
2019-08-27 18:11:44 -> 0.024078
2019-08-27 18:11:44 -> 0.023263
2019-08-27 18:11:44 -> 0.022834
2019-08-27 18:11:44 -> 0.024395
2019-08-27 18:11:44 -> 0.023607
2019-08-27 18:11:44 -> 0.022757
2019-08-27 18:11:44 -> 0.028083
2019-08-27 18:11:44 -> 0.024047
2019-08-27 18:11:44 -> 0.022934
2019-08-27 18:11:44 -> 0.023689
2019-08-27 18:11:44 -> 0.024305
2019-08-27 18:11:44 -> 0.022946
2019-08-27 18:11:44 -> 0.023758
2019-08-27 18:11:44 -> 0.027375
2019-08-27 18:11:44 -> 0.023245
2019-08-27 18:11:44 -> 0.023237
2019-08-27 18:11:44 -> 0.027511
2019-08-27 18:11:44 -> 0.023257
2019-08-27 18:11:44 -> 0.022733
2019-08-27 18:11:44 -> 0.026745
2019-08-27 18:11:44 -> 0.024207
2019-08-27 18:11:44 -> 0.022856
2019-08-27 18:11:44 -> 0.032755
2019-08-27 18:11:44 -> 0.029246
2019-08-27 18:11:44 -> 0.030481
2019-08-27 18:11:44 -> 0.027295
2019-08-27 18:11:44 -> 0.023242
2019-08-27 18:11:44 -> 0.023091
2019-08-27 18:11:44 -> 0.023624
2019-08-27 18:11:44 -> 0.023271
2019-08-27 18:11:44 -> 0.022958
2019-08-27 18:11:44 -> 0.024230
2019-08-27 18:11:44 -> 0.023533
2019-08-27 18:11:44 -> 0.025348
2019-08-27 18:11:44 -> 0.025411
2019-08-27 18:11:44 -> 0.023358
2019-08-27 18:11:44 -> 0.022811
2019-08-27 18:11:44 -> 0.027638
2019-08-27 18:11:44 -> 0.023931
2019-08-27 18:11:44 -> 0.023229
2019-08-27 18:11:44 -> 0.023615
2019-08-27 18:11:44 -> 0.024118
2019-08-27 18:11:44 -> 0.023219
2019-08-27 18:11:44 -> 0.027487
2019-08-27 18:11:44 -> 0.024373
2019-08-27 18:11:44 -> 0.022936
2019-08-27 18:11:44 -> 0.024193
2019-08-27 18:11:44 -> 0.024167
2019-08-27 18:11:44 -> 0.023212
2019-08-27 18:11:44 -> 0.023430
2019-08-27 18:11:44 -> 0.028090
2019-08-27 18:11:44 -> 0.023624
2019-08-27 18:11:44 -> 0.070186
2019-08-27 18:11:44 -> 0.025809
2019-08-27 18:11:44 -> 0.023747
2019-08-27 18:11:44 -> 0.031260
2019-08-27 18:11:44 -> 0.024209
2019-08-27 18:11:44 -> 0.022969
2019-08-27 18:11:44 -> 0.023012
2019-08-27 18:11:44 -> 0.024078
2019-08-27 18:11:44 -> 0.022908
2019-08-27 18:11:44 -> 0.025874
2019-08-27 18:11:44 -> 0.030942
2019-08-27 18:11:44 -> 0.023510
2019-08-27 18:11:44 -> 0.024827
2019-08-27 18:11:44 -> 0.023899
2019-08-27 18:11:44 -> 0.023061
2019-08-27 18:11:44 -> 0.022935
2019-08-27 18:11:44 -> 0.023677
2019-08-27 18:11:44 -> 0.023005
2019-08-27 18:11:44 -> 0.023726
2019-08-27 18:11:44 -> 0.027703
2019-08-27 18:11:44 -> 0.023799
2019-08-27 18:11:44 -> 0.023377
2019-08-27 18:11:44 -> 0.023182
2019-08-27 18:11:44 -> 0.023562
2019-08-27 18:11:44 -> 0.024100
2019-08-27 18:11:44 -> 0.023066
2019-08-27 18:11:44 -> 0.026470
2019-08-27 18:11:44 -> 0.024470
2019-08-27 18:11:44 -> 0.023131
2019-08-27 18:11:44 -> 0.022767
2019-08-27 18:11:44 -> 0.024777
2019-08-27 18:11:44 -> 0.026427
2019-08-27 18:11:44 -> 0.023090
2019-08-27 18:11:44 -> 0.023541
2019-08-27 18:11:44 -> 0.023256
2019-08-27 18:11:44 -> 0.023673
2019-08-27 18:11:44 -> 0.024455
2019-08-27 18:11:44 -> 0.023365
2019-08-27 18:11:44 -> 0.023394
2019-08-27 18:11:44 -> 0.027252
2019-08-27 18:11:44 -> 0.023959
2019-08-27 18:11:44 -> 0.023299
2019-08-27 18:11:44 -> 0.022816
2019-08-27 18:11:44 -> 0.024223
2019-08-27 18:11:44 -> 0.023154
2019-08-27 18:11:44 -> 0.022790
2019-08-27 18:11:44 -> 0.025735
2019-08-27 18:11:44 -> 0.026198
2019-08-27 18:11:44 -> 0.023205
2019-08-27 18:11:44 -> 0.024154
2019-08-27 18:11:44 -> 0.023183
2019-08-27 18:11:44 -> 0.023237
2019-08-27 18:11:44 -> 0.030373
2019-08-27 18:11:44 -> 0.027293
2019-08-27 18:11:44 -> 0.029172
2019-08-27 18:11:44 -> 0.034694
2019-08-27 18:11:44 -> 0.032951
2019-08-27 18:11:44 -> 0.030159
2019-08-27 18:11:44 -> 0.028556
2019-08-27 18:11:44 -> 0.036179
2019-08-27 18:11:44 -> 0.036612
2019-08-27 18:11:44 -> 0.034527
2019-08-27 18:11:44 -> 0.033447
2019-08-27 18:11:44 -> 0.029391
2019-08-27 18:11:44 -> 0.032226
2019-08-27 18:11:44 -> 0.029409
2019-08-27 18:11:44 -> 0.055596
2019-08-27 18:11:44 -> 0.041922
2019-08-27 18:11:44 -> 0.058929
2019-08-27 18:11:44 -> 0.050616
2019-08-27 18:11:44 -> 0.037810
2019-08-27 18:11:44 -> 0.037437
2019-08-27 18:11:44 -> 0.031785
2019-08-27 18:11:44 -> 0.043724
2019-08-27 18:11:44 -> 0.031868
2019-08-27 18:11:44 -> 0.032681
2019-08-27 18:11:44 -> 0.048991
2019-08-27 18:11:44 -> 0.030209
2019-08-27 18:11:44 -> 0.035571
2019-08-27 18:11:44 -> 0.034822
2019-08-27 18:11:44 -> 0.029594
2019-08-27 18:11:44 -> 0.037090
2019-08-27 18:11:44 -> 0.032075
2019-08-27 18:11:44 -> 0.029282
2019-08-27 18:11:44 -> 0.031414
2019-08-27 18:11:44 -> 0.028643
2019-08-27 18:11:44 -> 0.029616
2019-08-27 18:11:44 -> 0.033887
2019-08-27 18:11:44 -> 0.029374
2019-08-27 18:11:44 -> 0.048788
2019-08-27 18:11:44 -> 0.031115
2019-08-27 18:11:44 -> 0.029321
2019-08-27 18:11:44 -> 0.040083
2019-08-27 18:11:44 -> 0.031236
2019-08-27 18:11:44 -> 0.031165
2019-08-27 18:11:44 -> 0.039599
2019-08-27 18:11:44 -> 0.031149
2019-08-27 18:11:44 -> 0.030282
2019-08-27 18:11:44 -> 0.040280
2019-08-27 18:11:44 -> 0.031986
2019-08-27 18:11:44 -> 0.029817
2019-08-27 18:11:44 -> 0.040498
2019-08-27 18:11:44 -> 0.031347
2019-08-27 18:11:44 -> 0.029050
2019-08-27 18:11:44 -> 0.082370
2019-08-27 18:11:44 -> 0.030599
2019-08-27 18:11:44 -> 0.029257
2019-08-27 18:11:44 -> 0.037676
2019-08-27 18:11:44 -> 0.030682
2019-08-27 18:11:44 -> 0.040687
2019-08-27 18:11:44 -> 0.030775
2019-08-27 18:11:44 -> 0.029217
2019-08-27 18:11:44 -> 0.036976
2019-08-27 18:11:44 -> 0.029207
2019-08-27 18:11:44 -> 0.035244
2019-08-27 18:11:44 -> 0.029362
2019-08-27 18:11:44 -> 0.034764
2019-08-27 18:11:44 -> 0.029517
2019-08-27 18:11:44 -> 0.029388
2019-08-27 18:11:44 -> 0.042226
2019-08-27 18:11:44 -> 0.029708
2019-08-27 18:11:44 -> 0.031274
2019-08-27 18:11:44 -> 0.028426
2019-08-27 18:11:44 -> 0.029286
2019-08-27 18:11:44 -> 0.047260
2019-08-27 18:11:44 -> 0.025395
2019-08-27 18:11:44 -> 0.026386
2019-08-27 18:11:44 -> 0.024762
2019-08-27 18:11:44 -> 0.022855
2019-08-27 18:11:44 -> 0.023644
2019-08-27 18:11:44 -> 0.077534
2019-08-27 18:11:44 -> 0.027472
2019-08-27 18:11:44 -> 0.023150
2019-08-27 18:11:44 -> 0.023927
2019-08-27 18:11:44 -> 0.024750
2019-08-27 18:11:44 -> 0.022660
2019-08-27 18:11:44 -> 0.022516
2019-08-27 18:11:44 -> 0.035764
2019-08-27 18:11:44 -> 0.031754
2019-08-27 18:11:44 -> 0.025873
2019-08-27 18:11:44 -> 0.024626
2019-08-27 18:11:44 -> 0.022690
2019-08-27 18:11:44 -> 0.022808
2019-08-27 18:11:44 -> 0.028731
2019-08-27 18:11:44 -> 0.023407
2019-08-27 18:11:44 -> 0.022972
2019-08-27 18:11:44 -> 0.027387
2019-08-27 18:11:44 -> 0.022901
2019-08-27 18:11:44 -> 0.022297
2019-08-27 18:11:44 -> 0.027489
2019-08-27 18:11:44 -> 0.023522
2019-08-27 18:11:44 -> 0.022270
2019-08-27 18:11:44 -> 0.026927
2019-08-27 18:11:44 -> 0.023108
2019-08-27 18:11:44 -> 0.022653
2019-08-27 18:11:44 -> 0.024827
2019-08-27 18:11:44 -> 0.023527
2019-08-27 18:11:44 -> 0.022484
2019-08-27 18:11:44 -> 0.025076
2019-08-27 18:11:44 -> 0.027848
2019-08-27 18:11:44 -> 0.022887
2019-08-27 18:11:44 -> 0.023513
2019-08-27 18:11:44 -> 0.026337
2019-08-27 18:11:44 -> 0.022685
2019-08-27 18:11:44 -> 0.023034
2019-08-27 18:11:44 -> 0.027039
2019-08-27 18:11:44 -> 0.022981
2019-08-27 18:11:44 -> 0.022900
2019-08-27 18:11:44 -> 0.029982
2019-08-27 18:11:44 -> 0.023765
2019-08-27 18:11:44 -> 0.023015
2019-08-27 18:11:44 -> 0.026837
2019-08-27 18:11:44 -> 0.023401
2019-08-27 18:11:44 -> 0.022989
2019-08-27 18:11:44 -> 0.027311
2019-08-27 18:11:44 -> 0.023004
2019-08-27 18:11:44 -> 0.022830
2019-08-27 18:11:44 -> 0.027013
2019-08-27 18:11:44 -> 0.023094
2019-08-27 18:11:44 -> 0.022567
2019-08-27 18:11:44 -> 0.026235
2019-08-27 18:11:44 -> 0.023338
2019-08-27 18:11:44 -> 0.022906
2019-08-27 18:11:44 -> 0.024018
2019-08-27 18:11:44 -> 0.023657
2019-08-27 18:11:44 -> 0.022548
2019-08-27 18:11:44 -> 0.025190
2019-08-27 18:11:44 -> 0.027821
2019-08-27 18:11:44 -> 0.022943
2019-08-27 18:11:44 -> 0.023598
2019-08-27 18:11:44 -> 0.026387
2019-08-27 18:11:44 -> 0.022672
2019-08-27 18:11:44 -> 0.023152
2019-08-27 18:11:44 -> 0.026690
2019-08-27 18:11:44 -> 0.023012
2019-08-27 18:11:44 -> 0.022775
2019-08-27 18:11:44 -> 0.026971
2019-08-27 18:11:44 -> 0.023084
2019-08-27 18:11:44 -> 0.022809
2019-08-27 18:11:44 -> 0.027093
2019-08-27 18:11:44 -> 0.023723
2019-08-27 18:11:44 -> 0.022765
2019-08-27 18:11:44 -> 0.026039
2019-08-27 18:11:44 -> 0.023271
2019-08-27 18:11:44 -> 0.022762
2019-08-27 18:11:44 -> 0.023216
2019-08-27 18:11:44 -> 0.023453
2019-08-27 18:11:44 -> 0.022533
2019-08-27 18:11:44 -> 0.024691
2019-08-27 18:11:44 -> 0.027806
2019-08-27 18:11:44 -> 0.023119
2019-08-27 18:11:44 -> 0.023666
2019-08-27 18:11:44 -> 0.026352
2019-08-27 18:11:44 -> 0.022726
2019-08-27 18:11:44 -> 0.023775
2019-08-27 18:11:44 -> 0.026835
2019-08-27 18:11:44 -> 0.023087
2019-08-27 18:11:44 -> 0.023100
2019-08-27 18:11:44 -> 0.026885
2019-08-27 18:11:44 -> 0.023222
2019-08-27 18:11:44 -> 0.022835
2019-08-27 18:11:44 -> 0.026959
2019-08-27 18:11:44 -> 0.023185
2019-08-27 18:11:44 -> 0.022623
2019-08-27 18:11:44 -> 0.026290
2019-08-27 18:11:44 -> 0.023221
2019-08-27 18:11:44 -> 0.022493
2019-08-27 18:11:44 -> 0.023629
2019-08-27 18:11:44 -> 0.024078
2019-08-27 18:11:44 -> 0.022627
2019-08-27 18:11:44 -> 0.024808
2019-08-27 18:11:44 -> 0.027659
2019-08-27 18:11:44 -> 0.022816
2019-08-27 18:11:44 -> 0.023605
2019-08-27 18:11:44 -> 0.026418
2019-08-27 18:11:44 -> 0.022835
2019-08-27 18:11:44 -> 0.023100
2019-08-27 18:11:44 -> 0.029453
2019-08-27 18:11:44 -> 0.022758
2019-08-27 18:11:44 -> 0.022866
2019-08-27 18:11:44 -> 0.026642
2019-08-27 18:11:44 -> 0.022680
2019-08-27 18:11:44 -> 0.022589
2019-08-27 18:11:44 -> 0.027080
2019-08-27 18:11:44 -> 0.022951
2019-08-27 18:11:44 -> 0.022689
2019-08-27 18:11:44 -> 0.027096
2019-08-27 18:11:44 -> 0.026165
2019-08-27 18:11:44 -> 0.022913
2019-08-27 18:11:44 -> 0.027041
2019-08-27 18:11:44 -> 0.022954
2019-08-27 18:11:44 -> 0.022469
2019-08-27 18:11:44 -> 0.026367
2019-08-27 18:11:44 -> 0.023398
2019-08-27 18:11:44 -> 0.022594
2019-08-27 18:11:44 -> 0.023785
2019-08-27 18:11:44 -> 0.023747
2019-08-27 18:11:44 -> 0.022446
2019-08-27 18:11:44 -> 0.025006
2019-08-27 18:11:44 -> 0.027616
2019-08-27 18:11:44 -> 0.022728
2019-08-27 18:11:44 -> 0.023519
2019-08-27 18:11:44 -> 0.026307
2019-08-27 18:11:44 -> 0.022583
2019-08-27 18:11:44 -> 0.023428
2019-08-27 18:11:44 -> 0.029359
2019-08-27 18:11:44 -> 0.027066
2019-08-27 18:11:44 -> 0.025593
2019-08-27 18:11:44 -> 0.028430
2019-08-27 18:11:44 -> 0.022629
2019-08-27 18:11:44 -> 0.024001
2019-08-27 18:11:44 -> 0.035754
2019-08-27 18:11:44 -> 0.023236
2019-08-27 18:11:44 -> 0.025026
2019-08-27 18:11:44 -> 0.026444
2019-08-27 18:11:44 -> 0.022656
2019-08-27 18:11:44 -> 0.023235
2019-08-27 18:11:44 -> 0.026955
2019-08-27 18:11:44 -> 0.023203
2019-08-27 18:11:44 -> 0.023049
2019-08-27 18:11:44 -> 0.026956
2019-08-27 18:11:44 -> 0.022987
2019-08-27 18:11:44 -> 0.023045
2019-08-27 18:11:44 -> 0.026970
2019-08-27 18:11:44 -> 0.023099
2019-08-27 18:11:44 -> 0.022723
2019-08-27 18:11:44 -> 0.026848
2019-08-27 18:11:44 -> 0.023116
2019-08-27 18:11:44 -> 0.022607
2019-08-27 18:11:44 -> 0.023992
2019-08-27 18:11:44 -> 0.047121
2019-08-27 18:11:44 -> 0.027514
2019-08-27 18:11:44 -> 0.023628
2019-08-27 18:11:44 -> 0.023939
2019-08-27 18:11:44 -> 0.023752
2019-08-27 18:11:44 -> 0.026687
2019-08-27 18:11:44 -> 0.024039
2019-08-27 18:11:44 -> 0.023180
2019-08-27 18:11:44 -> 0.025359
2019-08-27 18:11:44 -> 0.023944
2019-08-27 18:11:44 -> 0.024565
2019-08-27 18:11:44 -> 0.025074
2019-08-27 18:11:44 -> 0.023202
2019-08-27 18:11:44 -> 0.024284
2019-08-27 18:11:44 -> 0.025094
2019-08-27 18:11:44 -> 0.023221
2019-08-27 18:11:44 -> 0.024758
2019-08-27 18:11:44 -> 0.024507
2019-08-27 18:11:44 -> 0.023162
2019-08-27 18:11:44 -> 0.024880
2019-08-27 18:11:44 -> 0.024494
2019-08-27 18:11:44 -> 0.023098
2019-08-27 18:11:44 -> 0.024062
2019-08-27 18:11:44 -> 0.023230
2019-08-27 18:11:44 -> 0.023309
2019-08-27 18:11:44 -> 0.024762
2019-08-27 18:11:44 -> 0.023878
2019-08-27 18:11:44 -> 0.026789
2019-08-27 18:11:44 -> 0.024119
2019-08-27 18:11:44 -> 0.023580
2019-08-27 18:11:44 -> 0.025453
2019-08-27 18:11:44 -> 0.023427
2019-08-27 18:11:44 -> 0.024411
2019-08-27 18:11:44 -> 0.025135
2019-08-27 18:11:44 -> 0.023571
2019-08-27 18:11:44 -> 0.024310
2019-08-27 18:11:44 -> 0.025534
2019-08-27 18:11:44 -> 0.023281
2019-08-27 18:11:44 -> 0.024654
2019-08-27 18:11:44 -> 0.025042
2019-08-27 18:11:44 -> 0.023243
2019-08-27 18:11:44 -> 0.024616
2019-08-27 18:11:44 -> 0.024828
2019-08-27 18:11:44 -> 0.023069
2019-08-27 18:11:44 -> 0.024228
2019-08-27 18:11:44 -> 0.023485
2019-08-27 18:11:44 -> 0.023553
2019-08-27 18:11:44 -> 0.024998
2019-08-27 18:11:44 -> 0.024151
2019-08-27 18:11:44 -> 0.023307
2019-08-27 18:11:44 -> 0.022967
2019-08-27 18:11:44 -> 0.024621
2019-08-27 18:11:44 -> 0.027167
2019-08-27 18:11:44 -> 0.023245
2019-08-27 18:11:44 -> 0.024475
2019-08-27 18:11:44 -> 0.025496
2019-08-27 18:11:44 -> 0.023063
2019-08-27 18:11:44 -> 0.024893
2019-08-27 18:11:44 -> 0.025352
2019-08-27 18:11:44 -> 0.022657
2019-08-27 18:11:44 -> 0.024582
2019-08-27 18:11:44 -> 0.025185
2019-08-27 18:11:44 -> 0.022899
2019-08-27 18:11:44 -> 0.023686
2019-08-27 18:11:44 -> 0.025281
2019-08-27 18:11:44 -> 0.023019
2019-08-27 18:11:44 -> 0.023017
2019-08-27 18:11:44 -> 0.023197
2019-08-27 18:11:44 -> 0.023179
2019-08-27 18:11:44 -> 0.024886
2019-08-27 18:11:44 -> 0.023833
2019-08-27 18:11:44 -> 0.026476
2019-08-27 18:11:44 -> 0.023477
2019-08-27 18:11:44 -> 0.023829
2019-08-27 18:11:44 -> 0.025144
2019-08-27 18:11:44 -> 0.031045
2019-08-27 18:11:44 -> 0.024332
2019-08-27 18:11:44 -> 0.026636
2019-08-27 18:11:44 -> 0.024151
2019-08-27 18:11:44 -> 0.023389
2019-08-27 18:11:44 -> 0.024958
2019-08-27 18:11:44 -> 0.023294
2019-08-27 18:11:44 -> 0.024148
2019-08-27 18:11:44 -> 0.027486
2019-08-27 18:11:44 -> 0.024862
2019-08-27 18:11:44 -> 0.029125
2019-08-27 18:11:44 -> 0.027545
2019-08-27 18:11:44 -> 0.025107
2019-08-27 18:11:44 -> 0.023852
2019-08-27 18:11:44 -> 0.024885
2019-08-27 18:11:44 -> 0.023112
2019-08-27 18:11:44 -> 0.024469
2019-08-27 18:11:44 -> 0.025532
2019-08-27 18:11:44 -> 0.023402
2019-08-27 18:11:44 -> 0.024743
2019-08-27 18:11:44 -> 0.025139
2019-08-27 18:11:44 -> 0.023000
2019-08-27 18:11:44 -> 0.024868
2019-08-27 18:11:44 -> 0.025217
2019-08-27 18:11:44 -> 0.022814
2019-08-27 18:11:44 -> 0.024627
2019-08-27 18:11:44 -> 0.024783
2019-08-27 18:11:44 -> 0.023105
2019-08-27 18:11:44 -> 0.027891
2019-08-27 18:11:44 -> 0.032836
2019-08-27 18:11:44 -> 0.026611
2019-08-27 18:11:44 -> 0.024045
2019-08-27 18:11:44 -> 0.027035
2019-08-27 18:11:44 -> 0.023913
2019-08-27 18:11:44 -> 0.023409
2019-08-27 18:11:44 -> 0.025054
2019-08-27 18:11:44 -> 0.023897
2019-08-27 18:11:44 -> 0.023806
2019-08-27 18:11:44 -> 0.025077
2019-08-27 18:11:44 -> 0.023328
2019-08-27 18:11:44 -> 0.024202
2019-08-27 18:11:44 -> 0.025135
2019-08-27 18:11:44 -> 0.022977
2019-08-27 18:11:44 -> 0.025006
2019-08-27 18:11:44 -> 0.024727
2019-08-27 18:11:44 -> 0.023191
2019-08-27 18:11:44 -> 0.024469
2019-08-27 18:11:44 -> 0.023793
2019-08-27 18:11:44 -> 0.023054
2019-08-27 18:11:44 -> 0.023105
2019-08-27 18:11:44 -> 0.022694
2019-08-27 18:11:44 -> 0.026505
2019-08-27 18:11:44 -> 0.025267
2019-08-27 18:11:44 -> 0.023760
2019-08-27 18:11:44 -> 0.024941
2019-08-27 18:11:44 -> 0.023042
2019-08-27 18:11:44 -> 0.024116
2019-08-27 18:11:44 -> 0.025304
2019-08-27 18:11:44 -> 0.022875
2019-08-27 18:11:44 -> 0.025115
2019-08-27 18:11:44 -> 0.025078
2019-08-27 18:11:44 -> 0.023080
2019-08-27 18:11:44 -> 0.024734
2019-08-27 18:11:44 -> 0.025214
2019-08-27 18:11:44 -> 0.022885
2019-08-27 18:11:44 -> 0.023879
2019-08-27 18:11:44 -> 0.024021
2019-08-27 18:11:44 -> 0.023186
2019-08-27 18:11:44 -> 0.024963
2019-08-27 18:11:44 -> 0.024408
2019-08-27 18:11:44 -> 0.023260
2019-08-27 18:11:44 -> 0.022786
2019-08-27 18:11:44 -> 0.024609
2019-08-27 18:11:44 -> 0.026843
2019-08-27 18:11:44 -> 0.023302
2019-08-27 18:11:44 -> 0.024346
2019-08-27 18:11:44 -> 0.025451
2019-08-27 18:11:44 -> 0.022712
2019-08-27 18:11:44 -> 0.024732
2019-08-27 18:11:44 -> 0.025666
2019-08-27 18:11:44 -> 0.022487
2019-08-27 18:11:44 -> 0.024023
2019-08-27 18:11:44 -> 0.024816
2019-08-27 18:11:44 -> 0.022866
2019-08-27 18:11:44 -> 0.022743
2019-08-27 18:11:44 -> 0.024163
2019-08-27 18:11:44 -> 0.023048
2019-08-27 18:11:44 -> 0.036670
2019-08-27 18:11:44 -> 0.024941
2019-08-27 18:11:44 -> 0.024837
2019-08-27 18:11:44 -> 0.024254
2019-08-27 18:11:44 -> 0.024691
2019-08-27 18:11:44 -> 0.022726
2019-08-27 18:11:44 -> 0.022413
2019-08-27 18:11:44 -> 0.028977
2019-08-27 18:11:44 -> 0.023071
2019-08-27 18:11:44 -> 0.022542
2019-08-27 18:11:44 -> 0.027603
2019-08-27 18:11:44 -> 0.022826
2019-08-27 18:11:44 -> 0.022459
2019-08-27 18:11:44 -> 0.026988
2019-08-27 18:11:44 -> 0.023062
2019-08-27 18:11:44 -> 0.022433
2019-08-27 18:11:44 -> 0.026296
2019-08-27 18:11:44 -> 0.023265
2019-08-27 18:11:44 -> 0.022900
2019-08-27 18:11:44 -> 0.024200
2019-08-27 18:11:44 -> 0.023612
2019-08-27 18:11:44 -> 0.022703
2019-08-27 18:11:44 -> 0.024969
2019-08-27 18:11:44 -> 0.027503
2019-08-27 18:11:44 -> 0.027644
2019-08-27 18:11:44 -> 0.025046
2019-08-27 18:11:44 -> 0.028416
2019-08-27 18:11:44 -> 0.022974
2019-08-27 18:11:44 -> 0.023704
2019-08-27 18:11:44 -> 0.026258
2019-08-27 18:11:44 -> 0.022629
2019-08-27 18:11:44 -> 0.022727
2019-08-27 18:11:44 -> 0.026650
2019-08-27 18:11:44 -> 0.022612
2019-08-27 18:11:44 -> 0.022724
2019-08-27 18:11:44 -> 0.026594
2019-08-27 18:11:44 -> 0.069687
2019-08-27 18:11:44 -> 0.028063
2019-08-27 18:11:44 -> 0.022863
2019-08-27 18:11:44 -> 0.023542
2019-08-27 18:11:44 -> 0.027068
2019-08-27 18:11:44 -> 0.025286
2019-08-27 18:11:44 -> 0.023970
2019-08-27 18:11:44 -> 0.025822
2019-08-27 18:11:44 -> 0.022833
2019-08-27 18:11:44 -> 0.023582
2019-08-27 18:11:44 -> 0.026658
2019-08-27 18:11:44 -> 0.022938
2019-08-27 18:11:44 -> 0.023044
2019-08-27 18:11:44 -> 0.026967
2019-08-27 18:11:44 -> 0.023139
2019-08-27 18:11:44 -> 0.026576
2019-08-27 18:11:44 -> 0.026541
2019-08-27 18:11:44 -> 0.022953
2019-08-27 18:11:44 -> 0.023913
2019-08-27 18:11:44 -> 0.027053
2019-08-27 18:11:44 -> 0.023059
2019-08-27 18:11:44 -> 0.023166
2019-08-27 18:11:44 -> 0.027204
2019-08-27 18:11:44 -> 0.023041
2019-08-27 18:11:44 -> 0.022877
2019-08-27 18:11:44 -> 0.026755
2019-08-27 18:11:44 -> 0.022920
2019-08-27 18:11:44 -> 0.022517
2019-08-27 18:11:44 -> 0.026272
2019-08-27 18:11:44 -> 0.023238
2019-08-27 18:11:44 -> 0.022746
2019-08-27 18:11:44 -> 0.023789
2019-08-27 18:11:44 -> 0.023462
2019-08-27 18:11:44 -> 0.025242
2019-08-27 18:11:44 -> 0.028251
2019-08-27 18:11:44 -> 0.023841
2019-08-27 18:11:44 -> 0.022602
2019-08-27 18:11:44 -> 0.022948
2019-08-27 18:11:44 -> 0.026901
2019-08-27 18:11:44 -> 0.022773
2019-08-27 18:11:44 -> 0.025152
2019-08-27 18:11:44 -> 0.026366
2019-08-27 18:11:44 -> 0.022705
2019-08-27 18:11:44 -> 0.022798
2019-08-27 18:11:44 -> 0.026731
2019-08-27 18:11:44 -> 0.022764
2019-08-27 18:11:44 -> 0.023072
2019-08-27 18:11:44 -> 0.027473
2019-08-27 18:11:44 -> 0.023139
2019-08-27 18:11:44 -> 0.022658
2019-08-27 18:11:44 -> 0.026935
2019-08-27 18:11:44 -> 0.023022
2019-08-27 18:11:44 -> 0.022580
2019-08-27 18:11:44 -> 0.025114
2019-08-27 18:11:44 -> 0.023330
2019-08-27 18:11:44 -> 0.022776
2019-08-27 18:11:44 -> 0.024834
2019-08-27 18:11:44 -> 0.027788
2019-08-27 18:11:44 -> 0.022882
2019-08-27 18:11:44 -> 0.023520
2019-08-27 18:11:44 -> 0.028318
2019-08-27 18:11:44 -> 0.027143
2019-08-27 18:11:44 -> 0.032464
2019-08-27 18:11:44 -> 0.028955
2019-08-27 18:11:44 -> 0.024286
2019-08-27 18:11:44 -> 0.022858
2019-08-27 18:11:44 -> 0.023827
2019-08-27 18:11:44 -> 0.023271
2019-08-27 18:11:44 -> 0.022725
2019-08-27 18:11:44 -> 0.023823
2019-08-27 18:11:44 -> 0.023095
2019-08-27 18:11:44 -> 0.022592
2019-08-27 18:11:44 -> 0.027922
2019-08-27 18:11:44 -> 0.023851
2019-08-27 18:11:44 -> 0.022632
2019-08-27 18:11:44 -> 0.023649
2019-08-27 18:11:44 -> 0.026825
2019-08-27 18:11:44 -> 0.023144
2019-08-27 18:11:44 -> 0.023074
2019-08-27 18:11:44 -> 0.023600
2019-08-27 18:11:44 -> 0.023192
2019-08-27 18:11:44 -> 0.022760
2019-08-27 18:11:44 -> 0.027688
2019-08-27 18:11:44 -> 0.023997
2019-08-27 18:11:44 -> 0.022945
2019-08-27 18:11:44 -> 0.023078
2019-08-27 18:11:44 -> 0.023235
2019-08-27 18:11:44 -> 0.022860
2019-08-27 18:11:44 -> 0.023768
2019-08-27 18:11:44 -> 0.027413
2019-08-27 18:11:44 -> 0.026338
2019-08-27 18:11:44 -> 0.022850
2019-08-27 18:11:44 -> 0.024360
2019-08-27 18:11:44 -> 0.023165
2019-08-27 18:11:44 -> 0.022867
2019-08-27 18:11:44 -> 0.027173
2019-08-27 18:11:44 -> 0.024207
2019-08-27 18:11:44 -> 0.022900
2019-08-27 18:11:44 -> 0.022673
2019-08-27 18:11:44 -> 0.023775
2019-08-27 18:11:44 -> 0.023012
2019-08-27 18:11:44 -> 0.023702
2019-08-27 18:11:44 -> 0.024737
2019-08-27 18:11:44 -> 0.022951
2019-08-27 18:11:44 -> 0.023463
2019-08-27 18:11:44 -> 0.028822
2019-08-27 18:11:44 -> 0.027866
2019-08-27 18:11:44 -> 0.023792
2019-08-27 18:11:44 -> 0.023738
2019-08-27 18:11:44 -> 0.024123
2019-08-27 18:11:44 -> 0.026293
2019-08-27 18:11:44 -> 0.023698
2019-08-27 18:11:44 -> 0.023199
2019-08-27 18:11:44 -> 0.022969
2019-08-27 18:11:44 -> 0.027178
2019-08-27 18:11:44 -> 0.023691
2019-08-27 18:11:44 -> 0.022998
2019-08-27 18:11:44 -> 0.022950
2019-08-27 18:11:44 -> 0.023774
2019-08-27 18:11:44 -> 0.023440
2019-08-27 18:11:44 -> 0.022608
2019-08-27 18:11:44 -> 0.026898
2019-08-27 18:11:44 -> 0.024067
2019-08-27 18:11:44 -> 0.022646
2019-08-27 18:11:44 -> 0.022714
2019-08-27 18:11:44 -> 0.048904
2019-08-27 18:11:44 -> 0.026597
2019-08-27 18:11:44 -> 0.024351
2019-08-27 18:11:44 -> 0.027455
2019-08-27 18:11:44 -> 0.023154
2019-08-27 18:11:44 -> 0.023888
2019-08-27 18:11:44 -> 0.023054
2019-08-27 18:11:44 -> 0.023018
2019-08-27 18:11:44 -> 0.028720
2019-08-27 18:11:44 -> 0.023195
2019-08-27 18:11:44 -> 0.022831
2019-08-27 18:11:44 -> 0.024421
2019-08-27 18:11:44 -> 0.023206
2019-08-27 18:11:44 -> 0.023144
2019-08-27 18:11:44 -> 0.027252
2019-08-27 18:11:44 -> 0.023601
2019-08-27 18:11:44 -> 0.023428
2019-08-27 18:11:44 -> 0.023065
2019-08-27 18:11:44 -> 0.028990
2019-08-27 18:11:44 -> 0.024890
2019-08-27 18:11:44 -> 0.022916
2019-08-27 18:11:44 -> 0.023753
2019-08-27 18:11:44 -> 0.023027
2019-08-27 18:11:44 -> 0.025857
2019-08-27 18:11:44 -> 0.029158
2019-08-27 18:11:44 -> 0.029529
2019-08-27 18:11:44 -> 0.037044
2019-08-27 18:11:44 -> 0.031461
2019-08-27 18:11:44 -> 0.032306
2019-08-27 18:11:44 -> 0.035449
2019-08-27 18:11:44 -> 0.030438
2019-08-27 18:11:44 -> 0.038905
2019-08-27 18:11:44 -> 0.030488
2019-08-27 18:11:44 -> 0.034664
2019-08-27 18:11:44 -> 0.042632
2019-08-27 18:11:44 -> 0.033190
2019-08-27 18:11:44 -> 0.036163
2019-08-27 18:11:44 -> 0.058244
2019-08-27 18:11:44 -> 0.032278
2019-08-27 18:11:44 -> 0.028805
2019-08-27 18:11:44 -> 0.039150
2019-08-27 18:11:44 -> 0.036212
2019-08-27 18:11:44 -> 0.029047
2019-08-27 18:11:44 -> 0.037469
2019-08-27 18:11:44 -> 0.047579
2019-08-27 18:11:44 -> 0.030221
2019-08-27 18:11:44 -> 0.032568
2019-08-27 18:11:44 -> 0.033719
2019-08-27 18:11:44 -> 0.028591
2019-08-27 18:11:44 -> 0.029020
2019-08-27 18:11:44 -> 0.030944
2019-08-27 18:11:44 -> 0.028614
2019-08-27 18:11:44 -> 0.031469
2019-08-27 18:11:44 -> 0.030073
2019-08-27 18:11:44 -> 0.028794
2019-08-27 18:11:44 -> 0.031365
2019-08-27 18:11:44 -> 0.030158
2019-08-27 18:11:44 -> 0.028962
2019-08-27 18:11:44 -> 0.031259
2019-08-27 18:11:44 -> 0.030371
2019-08-27 18:11:44 -> 0.028933
2019-08-27 18:11:44 -> 0.030922
2019-08-27 18:11:44 -> 0.030135
2019-08-27 18:11:44 -> 0.028603
2019-08-27 18:11:44 -> 0.031126
2019-08-27 18:11:44 -> 0.029949
2019-08-27 18:11:44 -> 0.028696
2019-08-27 18:11:44 -> 0.036817
2019-08-27 18:11:44 -> 0.032100
2019-08-27 18:11:44 -> 0.029137
2019-08-27 18:11:44 -> 0.028784
2019-08-27 18:11:44 -> 0.029027
2019-08-27 18:11:44 -> 0.031012
2019-08-27 18:11:44 -> 0.028418
2019-08-27 18:11:44 -> 0.028631
2019-08-27 18:11:44 -> 0.031101
2019-08-27 18:11:44 -> 0.028032
2019-08-27 18:11:44 -> 0.028635
2019-08-27 18:11:44 -> 0.038364
2019-08-27 18:11:44 -> 0.038792
2019-08-27 18:11:44 -> 0.060785
2019-08-27 18:11:44 -> 0.034255
2019-08-27 18:11:44 -> 0.030046
2019-08-27 18:11:44 -> 0.030970
2019-08-27 18:11:44 -> 0.034286
2019-08-27 18:11:44 -> 0.040835
2019-08-27 18:11:44 -> 0.037282
2019-08-27 18:11:44 -> 0.051619
2019-08-27 18:11:44 -> 0.073177
2019-08-27 18:11:44 -> 0.038220
2019-08-27 18:11:44 -> 0.037480
2019-08-27 18:11:44 -> 0.035889
2019-08-27 18:11:44 -> 0.032252
2019-08-27 18:11:44 -> 0.039940
2019-08-27 18:11:44 -> 0.033368
2019-08-27 18:11:44 -> 0.032366
2019-08-27 18:11:44 -> 0.034536
2019-08-27 18:11:44 -> 0.028388
2019-08-27 18:11:44 -> 0.038015
2019-08-27 18:11:44 -> 0.739498
2019-08-27 18:11:44 -> 0.068352
2019-08-27 18:11:44 -> 0.091403
2019-08-27 18:11:44 -> 0.041034
2019-08-27 18:11:44 -> 0.038938
2019-08-27 18:11:44 -> 0.028996
2019-08-27 18:11:44 -> 0.064416
2019-08-27 18:11:44 -> 0.029042
2019-08-27 18:11:44 -> 0.029061
2019-08-27 18:11:44 -> 0.031144
2019-08-27 18:11:44 -> 0.028613
2019-08-27 18:11:44 -> 0.028826
2019-08-27 18:11:44 -> 0.031536
2019-08-27 18:11:44 -> 0.028497
2019-08-27 18:11:44 -> 0.029170
2019-08-27 18:11:44 -> 0.031444
2019-08-27 18:11:44 -> 0.030369
2019-08-27 18:11:44 -> 0.028811
2019-08-27 18:11:44 -> 0.031072
2019-08-27 18:11:44 -> 0.030729
2019-08-27 18:11:44 -> 0.028662
2019-08-27 18:11:44 -> 0.031103
2019-08-27 18:11:44 -> 0.028364
2019-08-27 18:11:44 -> 0.028867
2019-08-27 18:11:44 -> 0.031272
2019-08-27 18:11:44 -> 0.028381
2019-08-27 18:11:44 -> 0.028846
2019-08-27 18:11:44 -> 0.031531
2019-08-27 18:11:44 -> 0.028168
2019-08-27 18:11:44 -> 0.030728
2019-08-27 18:11:44 -> 0.031505
2019-08-27 18:11:44 -> 0.028445
2019-08-27 18:11:44 -> 0.029050
2019-08-27 18:11:44 -> 0.032897
2019-08-27 18:11:44 -> 0.030018
2019-08-27 18:11:44 -> 0.028855
2019-08-27 18:11:44 -> 0.031737
2019-08-27 18:11:44 -> 0.035777
2019-08-27 18:11:44 -> 0.029346
2019-08-27 18:11:44 -> 0.031022
2019-08-27 18:11:44 -> 0.029004
2019-08-27 18:11:44 -> 0.031258
2019-08-27 18:11:44 -> 0.028462
2019-08-27 18:11:44 -> 0.028843
2019-08-27 18:11:44 -> 0.031418
2019-08-27 18:11:44 -> 0.028566
2019-08-27 18:11:44 -> 0.028879
2019-08-27 18:11:44 -> 0.035173
2019-08-27 18:11:44 -> 0.028441
2019-08-27 18:11:44 -> 0.031001
2019-08-27 18:11:44 -> 0.031746
2019-08-27 18:11:44 -> 0.028150
2019-08-27 18:11:44 -> 0.028947
2019-08-27 18:11:44 -> 0.031397
2019-08-27 18:11:44 -> 0.030226
2019-08-27 18:11:44 -> 0.028889
2019-08-27 18:11:44 -> 0.031345
2019-08-27 18:11:44 -> 0.028454
2019-08-27 18:11:44 -> 0.028786
2019-08-27 18:11:44 -> 0.031336
2019-08-27 18:11:44 -> 0.028618
2019-08-27 18:11:44 -> 0.029133
2019-08-27 18:11:44 -> 0.031319
2019-08-27 18:11:44 -> 0.028263
2019-08-27 18:11:44 -> 0.031036
2019-08-27 18:11:44 -> 0.034450
2019-08-27 18:11:44 -> 0.038248
2019-08-27 18:11:44 -> 0.029707
2019-08-27 18:11:44 -> 0.028887
2019-08-27 18:11:44 -> 0.028869
2019-08-27 18:11:44 -> 0.031591
2019-08-27 18:11:44 -> 0.033775
2019-08-27 18:11:44 -> 0.029244
2019-08-27 18:11:44 -> 0.028853
2019-08-27 18:11:44 -> 0.028761
2019-08-27 18:11:44 -> 0.031280
2019-08-27 18:11:44 -> 0.028257
2019-08-27 18:11:44 -> 0.028673
2019-08-27 18:11:44 -> 0.031860
2019-08-27 18:11:44 -> 0.028293
2019-08-27 18:11:44 -> 0.028861
2019-08-27 18:11:44 -> 0.031356
2019-08-27 18:11:44 -> 0.028434
2019-08-27 18:11:44 -> 0.028563
2019-08-27 18:11:44 -> 0.031373
2019-08-27 18:11:44 -> 0.028233
2019-08-27 18:11:44 -> 0.030696
2019-08-27 18:11:44 -> 0.031363
2019-08-27 18:11:44 -> 0.028194
2019-08-27 18:11:44 -> 0.028840
2019-08-27 18:11:44 -> 0.031321
2019-08-27 18:11:44 -> 0.028307
2019-08-27 18:11:44 -> 0.029119
2019-08-27 18:11:44 -> 0.031057
2019-08-27 18:11:44 -> 0.028516
2019-08-27 18:11:44 -> 0.028947
2019-08-27 18:11:44 -> 0.033389
2019-08-27 18:11:44 -> 0.028265
2019-08-27 18:11:44 -> 0.028718
2019-08-27 18:11:44 -> 0.031208
2019-08-27 18:11:44 -> 0.028360
2019-08-27 18:11:44 -> 0.028696
2019-08-27 18:11:44 -> 0.031244
2019-08-27 18:11:44 -> 0.028271
2019-08-27 18:11:44 -> 0.028634
2019-08-27 18:11:44 -> 0.031067
2019-08-27 18:11:44 -> 0.030090
2019-08-27 18:11:44 -> 0.028669
2019-08-27 18:11:44 -> 0.031212
2019-08-27 18:11:44 -> 0.030054
2019-08-27 18:11:44 -> 0.029182
2019-08-27 18:11:44 -> 0.031180
2019-08-27 18:11:44 -> 0.028352
2019-08-27 18:11:44 -> 0.028917
2019-08-27 18:11:44 -> 0.031176
2019-08-27 18:11:44 -> 0.028060
2019-08-27 18:11:44 -> 0.028590
2019-08-27 18:11:44 -> 0.031166
2019-08-27 18:11:44 -> 0.028286
2019-08-27 18:11:44 -> 0.028710
2019-08-27 18:11:44 -> 0.031181
2019-08-27 18:11:44 -> 0.028067
2019-08-27 18:11:44 -> 0.028803
2019-08-27 18:11:44 -> 0.030878
2019-08-27 18:11:44 -> 0.029901
2019-08-27 18:11:44 -> 0.028820
2019-08-27 18:11:44 -> 0.031421
2019-08-27 18:11:44 -> 0.029979
2019-08-27 18:11:44 -> 0.029305
2019-08-27 18:11:44 -> 0.031084
2019-08-27 18:11:44 -> 0.028307
2019-08-27 18:11:44 -> 0.044773
2019-08-27 18:11:44 -> 0.033500
2019-08-27 18:11:44 -> 0.029341
2019-08-27 18:11:44 -> 0.029063
2019-08-27 18:11:44 -> 0.028592
2019-08-27 18:11:44 -> 0.030992
2019-08-27 18:11:44 -> 0.028174
2019-08-27 18:11:44 -> 0.028524
2019-08-27 18:11:44 -> 0.031035
2019-08-27 18:11:44 -> 0.028442
2019-08-27 18:11:44 -> 0.028825
2019-08-27 18:11:44 -> 0.031256
2019-08-27 18:11:44 -> 0.028216
2019-08-27 18:11:44 -> 0.028471
2019-08-27 18:11:44 -> 0.031110
2019-08-27 18:11:44 -> 0.028586
2019-08-27 18:11:44 -> 0.030534
2019-08-27 18:11:44 -> 0.031673
2019-08-27 18:11:44 -> 0.028288
2019-08-27 18:11:44 -> 0.028742
2019-08-27 18:11:44 -> 0.031233
2019-08-27 18:11:44 -> 0.030133
2019-08-27 18:11:44 -> 0.028827
2019-08-27 18:11:44 -> 0.031050
2019-08-27 18:11:44 -> 0.030392
2019-08-27 18:11:44 -> 0.028705
2019-08-27 18:11:44 -> 0.031110
2019-08-27 18:11:44 -> 0.030205
2019-08-27 18:11:44 -> 0.028646
2019-08-27 18:11:44 -> 0.031040
2019-08-27 18:11:44 -> 0.030048
2019-08-27 18:11:44 -> 0.028862
2019-08-27 18:11:44 -> 0.031077
2019-08-27 18:11:44 -> 0.030262
2019-08-27 18:11:44 -> 0.037673
2019-08-27 18:11:44 -> 0.029127
2019-08-27 18:11:44 -> 0.028950
2019-08-27 18:11:44 -> 0.031344
2019-08-27 18:11:44 -> 0.030294
2019-08-27 18:11:44 -> 0.028691
2019-08-27 18:11:44 -> 0.031269
2019-08-27 18:11:44 -> 0.030104
2019-08-27 18:11:44 -> 0.038058
2019-08-27 18:11:44 -> 0.030475
2019-08-27 18:11:44 -> 0.037333
2019-08-27 18:11:44 -> 0.029885
2019-08-27 18:11:44 -> 0.029008
2019-08-27 18:11:44 -> 0.031493
2019-08-27 18:11:44 -> 0.030473
2019-08-27 18:11:44 -> 0.028891
2019-08-27 18:11:44 -> 0.031395
2019-08-27 18:11:44 -> 0.028523
2019-08-27 18:11:44 -> 0.028991
2019-08-27 18:11:44 -> 0.031159
2019-08-27 18:11:44 -> 0.028274
2019-08-27 18:11:44 -> 0.028657
2019-08-27 18:11:44 -> 0.031267
2019-08-27 18:11:44 -> 0.028462
2019-08-27 18:11:44 -> 0.030872
2019-08-27 18:11:44 -> 0.031629
2019-08-27 18:11:44 -> 0.028469
2019-08-27 18:11:44 -> 0.028917
2019-08-27 18:11:44 -> 0.036401
2019-08-27 18:11:44 -> 0.036446
2019-08-27 18:11:44 -> 0.029671
2019-08-27 18:11:44 -> 0.028799
2019-08-27 18:11:44 -> 0.028899
2019-08-27 18:11:44 -> 0.031806
2019-08-27 18:11:44 -> 0.030407
2019-08-27 18:11:44 -> 0.029050
2019-08-27 18:11:44 -> 0.028680
2019-08-27 18:11:44 -> 0.028666
2019-08-27 18:11:44 -> 0.028679
2019-08-27 18:11:44 -> 0.028780
2019-08-27 18:11:44 -> 0.028694
2019-08-27 18:11:44 -> 0.031533
2019-08-27 18:11:44 -> 0.030155
2019-08-27 18:11:44 -> 0.028707
2019-08-27 18:11:44 -> 0.031478
2019-08-27 18:11:44 -> 0.030233
2019-08-27 18:11:44 -> 0.029024
2019-08-27 18:11:44 -> 0.031397
2019-08-27 18:11:44 -> 0.028330
2019-08-27 18:11:44 -> 0.028802
2019-08-27 18:11:44 -> 0.031200
2019-08-27 18:11:44 -> 0.028149
2019-08-27 18:11:44 -> 0.028668
2019-08-27 18:11:44 -> 0.031475
2019-08-27 18:11:44 -> 0.028602
2019-08-27 18:11:44 -> 0.030721
2019-08-27 18:11:44 -> 0.031249
2019-08-27 18:11:44 -> 0.028526
2019-08-27 18:11:44 -> 0.028698
2019-08-27 18:11:44 -> 0.031464
2019-08-27 18:11:44 -> 0.066835
2019-08-27 18:11:44 -> 0.146600
2019-08-27 18:11:44 -> 0.031724
2019-08-27 18:11:44 -> 0.032594
2019-08-27 18:11:44 -> 0.029483
2019-08-27 18:11:44 -> 0.032648
2019-08-27 18:11:44 -> 0.033865
2019-08-27 18:11:44 -> 0.029030
2019-08-27 18:11:44 -> 0.029325
2019-08-27 18:11:44 -> 0.029182
2019-08-27 18:11:44 -> 0.029056
2019-08-27 18:11:44 -> 0.031682
2019-08-27 18:11:44 -> 0.028471
2019-08-27 18:11:44 -> 0.029453
2019-08-27 18:11:44 -> 0.031760
2019-08-27 18:11:44 -> 0.028532
2019-08-27 18:11:44 -> 0.031110
2019-08-27 18:11:44 -> 0.029376
2019-08-27 18:11:44 -> 0.029102
2019-08-27 18:11:44 -> 0.028933
2019-08-27 18:11:44 -> 0.029070
2019-08-27 18:11:44 -> 0.029190
2019-08-27 18:11:44 -> 0.028971
2019-08-27 18:11:44 -> 0.028915
2019-08-27 18:11:44 -> 0.028868
2019-08-27 18:11:44 -> 0.029234
2019-08-27 18:11:44 -> 0.028910
2019-08-27 18:11:44 -> 0.031486
2019-08-27 18:11:44 -> 0.028663
2019-08-27 18:11:44 -> 0.029019
2019-08-27 18:11:44 -> 0.031549
2019-08-27 18:11:44 -> 0.030559
2019-08-27 18:11:44 -> 0.029045
2019-08-27 18:11:44 -> 0.048718
2019-08-27 18:11:44 -> 0.031193
2019-08-27 18:11:44 -> 0.029452
2019-08-27 18:11:44 -> 0.031275
2019-08-27 18:11:44 -> 0.029034
2019-08-27 18:11:44 -> 0.031890
2019-08-27 18:11:44 -> 0.028598
2019-08-27 18:11:44 -> 0.028946
2019-08-27 18:11:44 -> 0.031546
2019-08-27 18:11:44 -> 0.028474
2019-08-27 18:11:44 -> 0.028900
2019-08-27 18:11:44 -> 0.031268
2019-08-27 18:11:44 -> 0.028399
2019-08-27 18:11:44 -> 0.030784
2019-08-27 18:11:44 -> 0.031591
2019-08-27 18:11:44 -> 0.028304
2019-08-27 18:11:44 -> 0.029042
2019-08-27 18:11:44 -> 0.031440
2019-08-27 18:11:44 -> 0.034836
2019-08-27 18:11:44 -> 0.029167
2019-08-27 18:11:44 -> 0.028991
2019-08-27 18:11:44 -> 0.028947
2019-08-27 18:11:44 -> 0.031520
2019-08-27 18:11:44 -> 0.028479
2019-08-27 18:11:44 -> 0.028811
2019-08-27 18:11:44 -> 0.031341
2019-08-27 18:11:44 -> 0.028491
2019-08-27 18:11:44 -> 0.028957
2019-08-27 18:11:44 -> 0.033341
2019-08-27 18:11:44 -> 0.028345
2019-08-27 18:11:44 -> 0.029106
2019-08-27 18:11:44 -> 0.031417
2019-08-27 18:11:44 -> 0.028432
2019-08-27 18:11:44 -> 0.028759
2019-08-27 18:11:44 -> 0.031545
2019-08-27 18:11:44 -> 0.031712
2019-08-27 18:11:44 -> 0.029019
2019-08-27 18:11:44 -> 0.028849
2019-08-27 18:11:44 -> 0.030964
2019-08-27 18:11:44 -> 0.031990
2019-08-27 18:11:44 -> 0.028614
2019-08-27 18:11:44 -> 0.029025
2019-08-27 18:11:44 -> 0.031328
2019-08-27 18:11:44 -> 0.030448
2019-08-27 18:11:44 -> 0.029488
2019-08-27 18:11:44 -> 0.032174
2019-08-27 18:11:44 -> 0.029201
2019-08-27 18:11:44 -> 0.031494
2019-08-27 18:11:44 -> 0.030258
2019-08-27 18:11:44 -> 0.028760
2019-08-27 18:11:44 -> 0.031479
2019-08-27 18:11:44 -> 0.028617
2019-08-27 18:11:44 -> 0.028953
2019-08-27 18:11:44 -> 0.031284
2019-08-27 18:11:44 -> 0.083035
2019-08-27 18:11:44 -> 0.029596
2019-08-27 18:11:44 -> 0.029235
2019-08-27 18:11:44 -> 0.031314
2019-08-27 18:11:44 -> 0.028491
2019-08-27 18:11:44 -> 0.030749
2019-08-27 18:11:44 -> 0.031659
2019-08-27 18:11:44 -> 0.028244
2019-08-27 18:11:44 -> 0.038885
2019-08-27 18:11:44 -> 0.027631
2019-08-27 18:11:44 -> 0.087878
2019-08-27 18:11:44 -> 0.026924
2019-08-27 18:11:44 -> 0.132750
2019-08-27 18:11:44 -> 0.029114
2019-08-27 18:11:44 -> 0.025583
2019-08-27 18:11:44 -> 0.027128
2019-08-27 18:11:44 -> 0.026193
2019-08-27 18:11:44 -> 0.025007
2019-08-27 18:11:44 -> 0.027630
2019-08-27 18:11:44 -> 0.026340
2019-08-27 18:11:44 -> 0.025069
2019-08-27 18:11:44 -> 0.076446
2019-08-27 18:11:44 -> 0.025859
2019-08-27 18:11:44 -> 0.026961
2019-08-27 18:11:44 -> 0.027443
2019-08-27 18:11:44 -> 0.024420
2019-08-27 18:11:44 -> 0.026550
2019-08-27 18:11:44 -> 0.027074
2019-08-27 18:11:44 -> 0.024477
2019-08-27 18:11:44 -> 0.040639
2019-08-27 18:11:44 -> 0.084918
2019-08-27 18:11:44 -> 0.026301
2019-08-27 18:11:44 -> 0.028274
2019-08-27 18:11:44 -> 0.027509
2019-08-27 18:11:44 -> 0.024615
2019-08-27 18:11:44 -> 0.024753
2019-08-27 18:11:44 -> 0.027496
2019-08-27 18:11:44 -> 0.024503
2019-08-27 18:11:44 -> 0.024787
2019-08-27 18:11:44 -> 0.065305
2019-08-27 18:11:44 -> 0.025846
2019-08-27 18:11:44 -> 0.025051
2019-08-27 18:11:44 -> 0.027139
2019-08-27 18:11:44 -> 0.024554
2019-08-27 18:11:44 -> 0.024986
2019-08-27 18:11:44 -> 0.027444
2019-08-27 18:11:44 -> 0.033792
2019-08-27 18:11:44 -> 0.046144
2019-08-27 18:11:44 -> 0.026894
2019-08-27 18:11:44 -> 0.025033
2019-08-27 18:11:44 -> 0.027094
2019-08-27 18:11:44 -> 0.026128
2019-08-27 18:11:44 -> 0.025030
2019-08-27 18:11:44 -> 0.027191
2019-08-27 18:11:44 -> 0.026237
2019-08-27 18:11:44 -> 0.024718
2019-08-27 18:11:44 -> 0.027041
2019-08-27 18:11:44 -> 0.025934
2019-08-27 18:11:44 -> 0.024995
2019-08-27 18:11:44 -> 0.027028
2019-08-27 18:11:44 -> 0.026063
2019-08-27 18:11:44 -> 0.024817
2019-08-27 18:11:44 -> 0.027052
2019-08-27 18:11:44 -> 0.025963
2019-08-27 18:11:44 -> 0.024858
2019-08-27 18:11:44 -> 0.027029
2019-08-27 18:11:44 -> 0.031977
2019-08-27 18:11:44 -> 0.025271
2019-08-27 18:11:44 -> 0.027008
2019-08-27 18:11:44 -> 0.026166
2019-08-27 18:11:44 -> 0.025038
2019-08-27 18:11:44 -> 0.027522
2019-08-27 18:11:44 -> 0.040106
2019-08-27 18:11:44 -> 0.026101
2019-08-27 18:11:44 -> 0.025419
2019-08-27 18:11:44 -> 0.027003
2019-08-27 18:11:44 -> 0.024565
2019-08-27 18:11:44 -> 0.024732
2019-08-27 18:11:44 -> 0.024772
2019-08-27 18:11:44 -> 0.024733
2019-08-27 18:11:44 -> 0.024682
2019-08-27 18:11:44 -> 0.026950
2019-08-27 18:11:44 -> 0.024523
2019-08-27 18:11:44 -> 0.024630
2019-08-27 18:11:44 -> 0.024934
2019-08-27 18:11:44 -> 0.024644
2019-08-27 18:11:44 -> 0.026776
2019-08-27 18:11:44 -> 0.027305
2019-08-27 18:11:44 -> 0.024675
2019-08-27 18:11:44 -> 0.026531
2019-08-27 18:11:44 -> 0.027091
2019-08-27 18:11:44 -> 0.024573
2019-08-27 18:11:44 -> 0.026393
2019-08-27 18:11:44 -> 0.026870
2019-08-27 18:11:44 -> 0.024206
2019-08-27 18:11:44 -> 0.026633
2019-08-27 18:11:44 -> 0.027021
2019-08-27 18:11:44 -> 0.024307
2019-08-27 18:11:44 -> 0.026465
2019-08-27 18:11:44 -> 0.026882
2019-08-27 18:11:44 -> 0.024370
2019-08-27 18:11:44 -> 0.026462
2019-08-27 18:11:44 -> 0.026840
2019-08-27 18:11:44 -> 0.024383
2019-08-27 18:11:44 -> 0.026592
2019-08-27 18:11:44 -> 0.027312
2019-08-27 18:11:44 -> 0.024257
