2019,08,28,data
2019,08,28,0.998064
2019,08,28,0.181629
2019,08,28,0.116893
2019,08,28,0.098704
2019,08,28,0.100510
2019,08,28,0.109560
2019,08,28,0.105294
2019,08,28,0.114819
2019,08,28,0.092704
2019,08,28,0.192152
2019,08,28,0.101810
2019,08,28,0.104986
2019,08,28,0.156440
2019,08,28,0.092703
2019,08,28,0.087221
2019,08,28,0.086340
2019,08,28,0.098570
2019,08,28,0.106832
2019,08,28,0.123681
2019,08,28,0.131761
2019,08,28,0.141231
2019,08,28,0.314466
2019,08,28,0.145681
2019,08,28,0.161653
2019,08,28,0.112802
2019,08,28,0.164866
2019,08,28,0.552466
2019,08,28,0.160688
2019,08,28,0.132009
2019,08,28,0.149471
2019,08,28,0.278284
2019,08,28,0.204729
2019,08,28,0.138453
2019,08,28,0.130033
2019,08,28,0.131823
2019,08,28,0.104102
2019,08,28,0.090906
2019,08,28,0.095309
2019,08,28,0.081957
2019,08,28,0.081036
2019,08,28,0.078895
2019,08,28,0.080940
2019,08,28,0.078704
2019,08,28,0.093929
2019,08,28,0.095099
2019,08,28,0.078137
2019,08,28,0.134471
2019,08,28,0.099712
2019,08,28,0.091396
2019,08,28,0.100649
2019,08,28,0.100712
2019,08,28,0.092058
2019,08,28,0.092320
2019,08,28,0.094862
2019,08,28,0.088867
2019,08,28,0.082770
2019,08,28,0.089623
2019,08,28,0.081216
2019,08,28,0.096938
2019,08,28,0.091363
2019,08,28,0.083789
2019,08,28,0.097328
2019,08,28,0.091989
2019,08,28,0.092529
2019,08,28,0.092079
2019,08,28,0.095763
2019,08,28,0.089671
2019,08,28,0.083202
2019,08,28,0.142823
2019,08,28,0.097412
2019,08,28,0.092512
2019,08,28,0.093885
2019,08,28,0.093154
2019,08,28,0.090770
2019,08,28,0.081681
2019,08,28,0.091148
2019,08,28,0.093007
2019,08,28,0.093030
2019,08,28,0.091363
2019,08,28,0.093204
2019,08,28,0.094873
2019,08,28,0.090429
2019,08,28,0.081973
2019,08,28,0.089462
2019,08,28,0.098710
2019,08,28,0.107088
2019,08,28,0.125715
2019,08,28,0.102962
2019,08,28,0.101621
2019,08,28,0.104349
2019,08,28,0.100871
2019,08,28,0.101649
2019,08,28,0.101885
2019,08,28,0.102288
2019,08,28,0.101135
2019,08,28,0.101399
2019,08,28,0.113708
2019,08,28,0.102940
2019,08,28,0.099749
2019,08,28,0.102855
2019,08,28,0.100794
2019,08,28,0.100290
2019,08,28,0.099859
2019,08,28,0.097355
2019,08,28,0.166286
2019,08,28,0.087397
2019,08,28,0.090084
2019,08,28,0.090102
2019,08,28,0.089959
2019,08,28,0.090181
2019,08,28,0.089230
2019,08,28,0.093068
2019,08,28,0.083662
2019,08,28,0.085177
2019,08,28,0.088237
2019,08,28,0.089709
2019,08,28,0.090594
2019,08,28,0.089337
2019,08,28,0.102532
2019,08,28,0.112179
2019,08,28,0.114361
2019,08,28,0.108604
2019,08,28,0.116155
2019,08,28,0.135389
2019,08,28,0.103578
2019,08,28,0.106557
2019,08,28,0.107799
2019,08,28,0.108088
2019,08,28,0.119995
2019,08,28,0.106330
2019,08,28,0.114856
2019,08,28,0.112774
2019,08,28,0.111011
2019,08,28,0.113809
2019,08,28,0.116453
2019,08,28,0.114169
2019,08,28,0.115776
2019,08,28,0.106378
2019,08,28,0.203928
2019,08,28,0.116898
2019,08,28,0.111727
2019,08,28,0.111360
2019,08,28,0.106480
2019,08,28,1.961782
2019,08,28,0.141775
2019,08,28,0.113179
2019,08,28,0.118751
2019,08,28,0.115595
2019,08,28,0.158684
2019,08,28,0.147551
2019,08,28,0.150991
2019,08,28,0.113674
2019,08,28,0.083345
2019,08,28,0.158472
2019,08,28,0.098977
2019,08,28,0.097677
2019,08,28,0.095194
2019,08,28,0.094402
2019,08,28,0.094148
2019,08,28,0.094283
2019,08,28,0.075531
2019,08,28,0.070130
2019,08,28,0.070167
2019,08,28,0.070630
2019,08,28,0.070742
2019,08,28,0.072149
2019,08,28,0.071320
2019,08,28,0.071972
2019,08,28,0.076738
2019,08,28,0.069543
2019,08,28,0.084879
2019,08,28,0.087546
2019,08,28,0.073484
2019,08,28,0.069392
2019,08,28,0.069305
2019,08,28,0.070321
2019,08,28,0.070580
2019,08,28,0.072047
2019,08,28,0.071538
2019,08,28,0.074850
2019,08,28,0.069890
2019,08,28,0.071586
2019,08,28,0.073064
2019,08,28,0.070140
2019,08,28,0.072505
2019,08,28,0.073118
2019,08,28,0.073170
2019,08,28,0.071998
2019,08,28,0.076618
2019,08,28,0.069712
2019,08,28,0.072789
2019,08,28,0.073062
2019,08,28,0.074469
2019,08,28,0.081236
2019,08,28,0.070379
2019,08,28,0.070078
2019,08,28,0.069627
2019,08,28,0.071332
2019,08,28,0.070666
2019,08,28,0.137992
2019,08,28,0.072660
2019,08,28,0.068941
2019,08,28,0.069744
2019,08,28,0.071409
2019,08,28,0.069716
2019,08,28,0.072109
2019,08,28,0.071388
2019,08,28,0.069696
2019,08,28,0.069384
2019,08,28,0.071126
2019,08,28,0.072112
2019,08,28,0.072047
2019,08,28,0.075444
2019,08,28,0.068816
2019,08,28,0.078890
2019,08,28,0.070260
2019,08,28,0.070693
2019,08,28,0.071384
2019,08,28,0.071650
2019,08,28,0.071606
2019,08,28,0.076282
2019,08,28,0.068603
2019,08,28,0.070453
2019,08,28,0.070729
2019,08,28,0.072898
2019,08,28,0.073083
2019,08,28,0.073302
2019,08,28,0.075784
2019,08,28,0.069840
2019,08,28,0.072240
2019,08,28,0.073943
2019,08,28,0.074001
2019,08,28,0.080703
2019,08,28,0.069640
2019,08,28,0.069294
2019,08,28,0.072897
2019,08,28,0.071236
2019,08,28,0.072525
2019,08,28,0.075229
2019,08,28,0.069292
2019,08,28,0.070046
2019,08,28,0.069967
2019,08,28,0.072392
2019,08,28,0.072261
2019,08,28,0.074680
2019,08,28,0.070536
2019,08,28,0.069232
2019,08,28,0.111710
2019,08,28,0.087041
2019,08,28,0.069885
2019,08,28,0.069611
2019,08,28,0.069760
2019,08,28,0.071284
2019,08,28,0.073075
2019,08,28,0.070846
2019,08,28,0.076857
2019,08,28,0.070512
2019,08,28,0.086531
2019,08,28,0.069065
2019,08,28,0.068856
2019,08,28,0.071547
2019,08,28,0.072139
2019,08,28,0.071193
2019,08,28,0.074874
2019,08,28,0.068863
2019,08,28,0.068759
2019,08,28,0.083952
2019,08,28,0.071284
2019,08,28,0.730505
2019,08,28,0.176944
2019,08,28,0.141031
2019,08,28,0.113317
2019,08,28,0.177427
2019,08,28,0.126194
2019,08,28,0.859660
2019,08,28,0.185818
2019,08,28,0.131577
2019,08,28,0.101054
2019,08,28,0.110184
2019,08,28,0.097479
2019,08,28,0.096708
2019,08,28,0.096372
2019,08,28,0.096041
2019,08,28,0.095251
2019,08,28,0.097766
2019,08,28,0.098570
2019,08,28,0.095425
2019,08,28,0.097111
2019,08,28,0.095411
2019,08,28,0.095528
2019,08,28,0.096355
2019,08,28,0.094623
2019,08,28,0.095073
2019,08,28,0.099588
2019,08,28,0.098018
2019,08,28,0.095484
2019,08,28,0.094541
2019,08,28,0.095886
2019,08,28,0.095219
2019,08,28,0.109093
2019,08,28,0.100942
2019,08,28,0.096893
2019,08,28,0.098496
2019,08,28,0.098921
2019,08,28,0.095593
2019,08,28,0.095222
2019,08,28,0.095008
2019,08,28,0.095770
2019,08,28,0.144565
2019,08,28,0.114745
2019,08,28,0.096540
2019,08,28,0.095399
2019,08,28,0.097100
2019,08,28,0.095561
2019,08,28,0.095586
2019,08,28,0.096968
2019,08,28,0.095171
2019,08,28,0.095774
2019,08,28,0.096828
2019,08,28,0.096424
2019,08,28,0.095530
2019,08,28,0.097016
2019,08,28,0.094816
2019,08,28,0.095832
2019,08,28,0.096139
2019,08,28,0.095477
2019,08,28,0.094954
2019,08,28,0.095043
2019,08,28,0.095244
2019,08,28,0.095187
2019,08,28,0.097848
2019,08,28,0.095750
2019,08,28,0.095160
2019,08,28,0.096757
2019,08,28,0.094969
2019,08,28,0.095528
2019,08,28,0.095090
2019,08,28,0.095124
2019,08,28,0.095887
2019,08,28,0.097937
2019,08,28,0.094420
2019,08,28,0.126688
2019,08,28,0.110498
2019,08,28,0.100889
2019,08,28,0.095842
2019,08,28,0.143943
2019,08,28,0.100009
2019,08,28,0.098364
2019,08,28,0.095910
2019,08,28,0.096737
2019,08,28,0.096252
2019,08,28,0.098997
2019,08,28,0.095093
2019,08,28,0.095050
2019,08,28,0.097346
2019,08,28,0.095897
2019,08,28,0.095738
2019,08,28,0.097017
2019,08,28,0.095919
2019,08,28,0.095741
2019,08,28,0.096713
2019,08,28,0.095775
2019,08,28,0.094764
2019,08,28,0.097992
2019,08,28,0.095238
2019,08,28,0.097053
2019,08,28,0.095316
2019,08,28,0.096648
2019,08,28,0.094684
2019,08,28,0.097298
2019,08,28,0.097398
2019,08,28,0.094749
2019,08,28,0.097944
2019,08,28,0.095482
2019,08,28,0.081580
2019,08,28,0.151376
2019,08,28,0.127052
2019,08,28,0.209945
2019,08,28,0.096627
2019,08,28,0.073674
2019,08,28,0.072280
2019,08,28,0.098661
2019,08,28,0.073545
2019,08,28,0.072318
2019,08,28,0.070680
2019,08,28,0.079900
2019,08,28,0.070556
2019,08,28,0.070433
2019,08,28,0.071236
2019,08,28,0.071200
2019,08,28,0.072448
2019,08,28,0.071779
2019,08,28,0.075833
2019,08,28,0.068978
2019,08,28,0.072358
2019,08,28,0.073322
2019,08,28,0.080781
2019,08,28,0.068457
2019,08,28,0.070956
2019,08,28,0.071753
2019,08,28,0.074173
2019,08,28,0.068018
2019,08,28,0.069275
2019,08,28,0.070880
2019,08,28,0.072079
2019,08,28,0.071224
2019,08,28,0.074263
2019,08,28,0.068986
2019,08,28,0.070452
2019,08,28,0.070770
2019,08,28,0.070812
2019,08,28,0.069511
2019,08,28,0.069663
2019,08,28,0.071280
2019,08,28,0.071070
2019,08,28,0.075216
2019,08,28,0.068682
2019,08,28,0.069234
2019,08,28,0.071732
2019,08,28,0.073374
2019,08,28,0.073462
2019,08,28,0.074188
2019,08,28,0.074841
2019,08,28,0.072790
2019,08,28,0.076886
2019,08,28,0.084322
2019,08,28,0.081221
2019,08,28,0.093715
2019,08,28,0.134400
2019,08,28,0.077351
2019,08,28,0.070438
2019,08,28,0.071258
2019,08,28,0.069670
2019,08,28,0.093163
2019,08,28,0.069224
2019,08,28,0.070922
2019,08,28,0.071008
2019,08,28,0.096100
2019,08,28,0.069887
2019,08,28,0.069447
2019,08,28,0.068961
2019,08,28,0.070010
2019,08,28,0.070746
2019,08,28,0.077209
2019,08,28,0.068287
2019,08,28,0.068864
2019,08,28,0.070429
2019,08,28,0.071584
2019,08,28,0.074673
2019,08,28,0.075045
2019,08,28,0.068282
2019,08,28,0.070716
2019,08,28,0.080336
2019,08,28,0.068566
2019,08,28,0.070485
2019,08,28,0.070289
2019,08,28,0.073533
2019,08,28,0.068182
2019,08,28,0.069593
2019,08,28,0.256604
2019,08,28,0.178463
2019,08,28,0.112777
2019,08,28,0.132871
2019,08,28,0.113442
2019,08,28,0.676810
2019,08,28,0.145876
2019,08,28,0.284930
2019,08,28,0.127709
2019,08,28,0.119707
2019,08,28,0.143869
2019,08,28,0.139640
2019,08,28,0.151457
2019,08,28,0.158679
2019,08,28,0.136601
2019,08,28,0.428987
2019,08,28,0.123305
2019,08,28,0.098582
2019,08,28,0.092686
2019,08,28,0.078964
2019,08,28,0.072512
2019,08,28,0.069838
2019,08,28,0.070344
2019,08,28,0.071237
2019,08,28,0.071216
2019,08,28,0.073342
2019,08,28,0.072322
2019,08,28,0.072982
2019,08,28,0.073118
2019,08,28,0.075687
2019,08,28,0.070345
2019,08,28,0.071443
2019,08,28,0.071487
2019,08,28,0.070334
2019,08,28,0.073243
2019,08,28,0.072670
2019,08,28,0.072763
2019,08,28,0.155058
2019,08,28,0.096799
2019,08,28,0.072248
2019,08,28,0.069785
2019,08,28,0.070003
2019,08,28,0.072323
2019,08,28,0.071627
2019,08,28,0.070440
2019,08,28,0.071804
2019,08,28,0.072359
2019,08,28,0.072923
2019,08,28,0.075576
2019,08,28,0.070633
2019,08,28,0.070627
2019,08,28,0.071461
2019,08,28,0.091456
2019,08,28,0.069456
2019,08,28,0.089151
2019,08,28,0.070522
2019,08,28,0.069569
2019,08,28,0.069728
2019,08,28,0.071522
2019,08,28,0.071421
2019,08,28,0.071316
2019,08,28,0.075622
2019,08,28,0.070253
2019,08,28,0.071059
2019,08,28,0.071056
2019,08,28,0.085454
2019,08,28,0.073352
2019,08,28,0.072642
2019,08,28,0.072003
2019,08,28,0.076361
2019,08,28,0.069562
2019,08,28,0.070999
2019,08,28,0.070983
2019,08,28,0.071010
2019,08,28,0.073869
2019,08,28,0.073324
2019,08,28,0.073063
2019,08,28,0.078923
2019,08,28,0.095043
2019,08,28,0.277374
2019,08,28,0.252801
2019,08,28,0.119551
2019,08,28,0.136519
2019,08,28,0.125773
2019,08,28,0.119182
2019,08,28,0.095989
2019,08,28,0.160071
2019,08,28,0.168060
2019,08,28,0.139807
2019,08,28,0.117428
2019,08,28,0.209408
2019,08,28,0.149141
2019,08,28,0.128971
2019,08,28,0.283383
2019,08,28,0.154696
2019,08,28,0.162575
2019,08,28,0.114967
2019,08,28,0.127368
2019,08,28,0.092119
2019,08,28,0.143613
2019,08,28,0.160937
2019,08,28,0.136660
2019,08,28,0.115312
2019,08,28,0.127704
2019,08,28,0.089800
2019,08,28,0.141370
2019,08,28,0.174890
2019,08,28,0.171578
2019,08,28,0.195374
2019,08,28,0.124197
2019,08,28,0.263590
2019,08,28,0.165358
2019,08,28,0.101720
2019,08,28,0.127562
2019,08,28,0.166221
2019,08,28,0.154083
2019,08,28,0.108851
2019,08,28,0.138042
2019,08,28,0.088788
2019,08,28,0.096747
2019,08,28,0.105870
2019,08,28,0.101828
2019,08,28,0.096017
2019,08,28,0.101989
2019,08,28,0.103382
2019,08,28,0.094744
2019,08,28,0.104398
2019,08,28,0.095040
2019,08,28,0.095653
2019,08,28,0.106512
2019,08,28,0.094255
2019,08,28,0.101715
2019,08,28,0.102758
2019,08,28,0.095879
2019,08,28,0.109261
2019,08,28,0.143043
2019,08,28,0.273580
2019,08,28,0.221953
2019,08,28,0.186326
2019,08,28,0.220322
2019,08,28,0.084039
2019,08,28,0.143957
2019,08,28,0.203984
2019,08,28,0.192569
2019,08,28,0.165396
2019,08,28,0.124268
2019,08,28,0.094575
2019,08,28,0.229223
2019,08,28,0.222604
2019,08,28,0.186678
2019,08,28,0.108993
2019,08,28,0.084272
2019,08,28,0.130570
2019,08,28,0.113315
2019,08,28,0.147740
2019,08,28,0.225372
2019,08,28,0.200221
2019,08,28,0.274467
2019,08,28,0.200221
2019,08,28,0.222839
2019,08,28,0.256458
2019,08,28,0.156924
2019,08,28,0.111218
2019,08,28,0.166267
2019,08,28,0.104816
2019,08,28,0.116953
2019,08,28,0.158067
2019,08,28,0.126072
2019,08,28,0.231695
2019,08,28,0.156234
2019,08,28,0.107809
2019,08,28,0.155400
2019,08,28,0.106766
2019,08,28,0.103969
2019,08,28,0.131829
2019,08,28,0.285449
2019,08,28,0.095831
2019,08,28,0.105196
2019,08,28,0.095774
2019,08,28,0.105226
2019,08,28,0.105684
2019,08,28,0.095604
2019,08,28,0.110552
2019,08,28,0.134450
2019,08,28,0.091268
2019,08,28,0.121136
2019,08,28,0.089779
2019,08,28,0.129740
2019,08,28,0.105426
2019,08,28,0.112672
2019,08,28,0.188858
2019,08,28,0.112988
2019,08,28,0.139609
2019,08,28,0.264262
2019,08,28,0.118910
2019,08,28,0.119680
2019,08,28,0.160935
2019,08,28,0.130529
2019,08,28,0.124491
2019,08,28,0.101549
2019,08,28,0.100062
2019,08,28,0.108489
2019,08,28,0.111338
2019,08,28,0.112670
2019,08,28,0.164480
2019,08,28,0.108571
2019,08,28,0.103530
2019,08,28,0.105005
2019,08,28,0.133164
2019,08,28,0.111946
2019,08,28,0.273575
2019,08,28,0.103559
2019,08,28,0.101399
2019,08,28,0.093633
2019,08,28,0.247597
2019,08,28,0.123179
2019,08,28,0.217066
2019,08,28,0.096951
2019,08,28,0.108764
2019,08,28,0.119897
2019,08,28,0.105109
2019,08,28,0.111381
2019,08,28,0.105285
2019,08,28,0.114160
2019,08,28,0.103827
2019,08,28,0.111547
2019,08,28,0.095517
2019,08,28,0.111630
2019,08,28,0.102921
2019,08,28,0.103235
2019,08,28,0.238042
2019,08,28,0.098895
2019,08,28,0.376944
2019,08,28,0.106613
2019,08,28,0.146388
2019,08,28,0.128588
2019,08,28,0.230366
2019,08,28,0.227567
2019,08,28,0.124522
2019,08,28,0.260496
2019,08,28,0.238882
2019,08,28,0.231482
2019,08,28,0.232054
2019,08,28,0.204706
2019,08,28,0.281792
2019,08,28,0.089994
2019,08,28,0.181624
2019,08,28,0.091124
2019,08,28,0.176056
2019,08,28,0.187330
2019,08,28,0.155576
2019,08,28,0.096932
2019,08,28,0.133922
2019,08,28,0.525710
2019,08,28,0.228867
2019,08,28,0.135387
2019,08,28,0.186135
2019,08,28,0.252290
2019,08,28,0.224617
2019,08,28,0.264098
2019,08,28,0.108567
2019,08,28,0.383269
2019,08,28,0.211919
2019,08,28,0.111235
2019,08,28,0.225082
2019,08,28,0.127284
2019,08,28,0.164684
2019,08,28,0.176626
2019,08,28,0.121597
2019,08,28,0.207550
2019,08,28,0.234724
2019,08,28,0.280437
2019,08,28,0.231025
2019,08,28,0.201408
2019,08,28,0.227887
2019,08,28,0.128371
2019,08,28,0.205281
2019,08,28,0.113561
2019,08,28,0.122168
2019,08,28,0.148839
2019,08,28,0.256807
2019,08,28,0.209321
2019,08,28,0.106229
2019,08,28,0.134143
2019,08,28,0.207789
2019,08,28,0.251863
2019,08,28,0.092014
2019,08,28,0.092482
2019,08,28,0.102959
2019,08,28,0.159565
2019,08,28,0.143560
2019,08,28,0.108035
2019,08,28,0.248544
2019,08,28,0.092212
2019,08,28,0.134204
2019,08,28,0.207492
2019,08,28,0.312813
2019,08,28,0.160436
2019,08,28,0.101114
2019,08,28,0.102381
2019,08,28,0.103809
2019,08,28,0.271313
2019,08,28,0.094118
2019,08,28,0.106161
2019,08,28,0.109056
2019,08,28,0.096710
2019,08,28,0.100268
2019,08,28,0.126214
2019,08,28,0.174256
2019,08,28,0.106256
2019,08,28,0.093769
2019,08,28,0.100420
2019,08,28,0.093088
2019,08,28,0.103247
2019,08,28,0.111011
2019,08,28,0.097003
2019,08,28,0.449466
2019,08,28,0.095987
2019,08,28,0.091353
2019,08,28,0.130614
2019,08,28,0.377152
2019,08,28,0.311839
2019,08,28,0.280876
2019,08,28,0.096808
2019,08,28,0.098935
2019,08,28,0.108793
2019,08,28,0.099538
2019,08,28,0.099712
2019,08,28,0.079204
2019,08,28,0.060375
2019,08,28,0.138971
2019,08,28,0.092590
2019,08,28,0.095408
2019,08,28,0.112304
2019,08,28,0.212485
2019,08,28,0.198514
2019,08,28,0.220952
2019,08,28,0.222995
2019,08,28,0.215235
2019,08,28,0.290357
2019,08,28,0.182716
2019,08,28,0.117060
2019,08,28,0.097205
2019,08,28,0.142545
2019,08,28,0.124524
2019,08,28,0.152193
2019,08,28,0.081628
2019,08,28,0.121973
2019,08,28,0.227556
2019,08,28,0.144738
2019,08,28,0.161488
2019,08,28,0.182530
2019,08,28,0.256316
2019,08,28,0.113109
2019,08,28,0.162703
2019,08,28,0.222115
2019,08,28,0.229426
2019,08,28,0.210660
2019,08,28,0.249046
2019,08,28,0.128500
2019,08,28,0.145142
2019,08,28,0.092273
2019,08,28,0.144803
2019,08,28,0.218848
2019,08,28,0.213470
2019,08,28,0.106213
2019,08,28,0.111498
2019,08,28,0.155715
2019,08,28,0.160048
2019,08,28,0.150869
2019,08,28,0.099865
2019,08,28,0.116945
2019,08,28,0.106776
2019,08,28,0.087970
2019,08,28,0.121953
2019,08,28,0.119109
2019,08,28,0.101142
2019,08,28,0.096432
2019,08,28,0.099641
2019,08,28,0.106801
2019,08,28,0.181621
2019,08,28,0.113922
2019,08,28,0.144941
2019,08,28,0.265808
2019,08,28,0.090158
2019,08,28,0.162038
2019,08,28,0.153295
2019,08,28,0.130064
2019,08,28,0.107792
2019,08,28,0.131809
2019,08,28,0.156126
2019,08,28,0.204338
2019,08,28,0.077480
2019,08,28,0.140785
2019,08,28,0.105348
2019,08,28,0.253391
2019,08,28,0.099184
2019,08,28,0.088144
2019,08,28,0.092717
2019,08,28,0.104610
2019,08,28,0.127521
2019,08,28,0.137527
2019,08,28,0.105252
2019,08,28,0.137957
2019,08,28,0.194570
2019,08,28,0.181474
2019,08,28,0.200039
2019,08,28,0.211779
2019,08,28,0.208931
2019,08,28,0.252218
2019,08,28,0.197454
2019,08,28,0.135267
2019,08,28,0.138731
2019,08,28,0.179684
2019,08,28,0.162709
2019,08,28,0.146345
2019,08,28,0.082092
2019,08,28,0.079964
2019,08,28,0.173818
2019,08,28,0.175343
2019,08,28,0.117364
2019,08,28,0.096753
2019,08,28,0.190790
2019,08,28,0.207494
2019,08,28,0.096135
2019,08,28,0.115277
2019,08,28,0.107537
2019,08,28,0.098824
2019,08,28,0.108919
2019,08,28,0.105071
2019,08,28,0.117355
2019,08,28,0.155033
2019,08,28,0.126380
2019,08,28,0.111213
2019,08,28,0.097013
2019,08,28,0.103664
2019,08,28,0.103159
2019,08,28,0.098175
2019,08,28,0.186005
2019,08,28,0.162120
2019,08,28,0.093756
2019,08,28,0.138688
2019,08,28,0.113724
2019,08,28,0.073001
2019,08,28,0.084792
2019,08,28,0.083339
2019,08,28,0.145655
2019,08,28,0.089537
2019,08,28,0.064302
2019,08,28,0.056867
2019,08,28,0.113944
2019,08,28,0.112841
2019,08,28,0.085804
2019,08,28,0.111048
2019,08,28,0.072267
2019,08,28,0.110865
2019,08,28,0.204092
2019,08,28,0.116214
2019,08,28,0.163802
2019,08,28,0.062079
2019,08,28,0.068385
2019,08,28,0.063867
2019,08,28,0.070308
2019,08,28,0.069188
2019,08,28,0.154888
2019,08,28,0.085619
2019,08,28,0.051998
2019,08,28,0.095631
2019,08,28,0.076025
2019,08,28,0.096035
2019,08,28,0.075971
2019,08,28,0.062534
2019,08,28,0.067907
2019,08,28,0.091766
2019,08,28,0.076756
2019,08,28,0.070499
2019,08,28,0.063234
2019,08,28,0.069304
2019,08,28,0.062665
2019,08,28,0.069549
2019,08,28,0.063226
2019,08,28,0.066930
2019,08,28,0.065214
2019,08,28,0.055803
2019,08,28,0.062987
2019,08,28,0.096914
2019,08,28,0.154211
2019,08,28,0.077613
2019,08,28,0.063648
2019,08,28,0.071453
2019,08,28,0.062958
2019,08,28,0.071928
2019,08,28,0.062457
2019,08,28,0.116027
2019,08,28,0.074902
2019,08,28,0.083658
2019,08,28,0.077631
2019,08,28,0.061927
2019,08,28,0.058453
2019,08,28,0.145723
2019,08,28,0.066809
2019,08,28,0.066523
2019,08,28,0.063352
2019,08,28,0.067404
2019,08,28,0.061937
2019,08,28,0.069299
2019,08,28,0.067882
2019,08,28,0.062565
2019,08,28,0.062398
2019,08,28,0.072930
2019,08,28,0.064119
2019,08,28,0.062355
2019,08,28,0.072707
2019,08,28,0.062564
2019,08,28,0.111331
2019,08,28,0.077837
2019,08,28,0.070077
2019,08,28,0.060725
2019,08,28,0.067351
2019,08,28,0.071044
2019,08,28,0.068721
2019,08,28,0.058549
2019,08,28,0.060938
2019,08,28,0.065068
2019,08,28,0.052716
2019,08,28,0.068956
2019,08,28,0.063169
2019,08,28,0.057958
2019,08,28,0.068800
2019,08,28,0.068737
2019,08,28,0.069927
2019,08,28,0.100708
2019,08,28,0.067448
2019,08,28,0.067366
2019,08,28,0.059770
2019,08,28,0.132179
2019,08,28,0.076663
2019,08,28,0.105396
2019,08,28,0.051783
2019,08,28,0.135706
2019,08,28,0.127689
2019,08,28,0.160470
2019,08,28,0.092263
2019,08,28,0.075238
2019,08,28,0.049982
2019,08,28,0.094626
2019,08,28,0.098654
2019,08,28,0.093083
2019,08,28,0.119564
2019,08,28,0.056518
2019,08,28,0.068976
2019,08,28,0.065300
2019,08,28,0.104166
2019,08,28,0.047110
2019,08,28,0.090071
2019,08,28,0.061241
2019,08,28,0.080111
2019,08,28,0.060344
2019,08,28,0.073237
2019,08,28,0.094597
2019,08,28,0.061815
2019,08,28,0.043334
2019,08,28,0.070437
2019,08,28,0.037085
2019,08,28,0.077482
2019,08,28,0.053690
2019,08,28,0.072267
2019,08,28,0.057272
2019,08,28,0.118553
2019,08,28,0.084051
2019,08,28,0.051487
2019,08,28,0.057041
2019,08,28,0.051126
2019,08,28,0.048613
2019,08,28,0.039437
2019,08,28,0.055080
2019,08,28,0.051845
2019,08,28,0.047791
2019,08,28,0.070243
2019,08,28,0.064111
2019,08,28,0.067408
2019,08,28,0.104467
2019,08,28,0.106633
2019,08,28,0.052682
2019,08,28,0.080158
2019,08,28,0.061747
2019,08,28,0.076979
2019,08,28,0.051916
2019,08,28,0.093476
2019,08,28,0.063821
2019,08,28,0.058167
2019,08,28,0.110661
2019,08,28,0.063758
2019,08,28,0.085980
2019,08,28,0.078341
2019,08,28,0.056005
2019,08,28,0.097249
2019,08,28,0.057167
2019,08,28,0.048202
2019,08,28,0.055481
2019,08,28,0.062864
2019,08,28,0.102531
2019,08,28,0.094374
2019,08,28,0.050415
2019,08,28,0.075618
2019,08,28,0.083030
2019,08,28,0.061423
2019,08,28,0.047823
2019,08,28,0.051428
2019,08,28,0.056394
2019,08,28,0.045524
2019,08,28,0.047305
2019,08,28,0.050129
2019,08,28,0.051764
2019,08,28,0.051864
2019,08,28,0.046237
2019,08,28,0.051082
2019,08,28,0.115719
2019,08,28,0.050789
2019,08,28,0.059745
2019,08,28,0.045351
2019,08,28,0.053829
2019,08,28,0.072398
2019,08,28,0.140757
2019,08,28,0.049348
2019,08,28,0.067945
2019,08,28,0.057126
2019,08,28,0.056055
2019,08,28,0.038091
2019,08,28,0.081897
2019,08,28,0.048569
2019,08,28,0.063025
2019,08,28,0.054882
2019,08,28,0.083287
2019,08,28,0.066795
2019,08,28,0.076185
2019,08,28,0.096057
2019,08,28,0.050890
2019,08,28,0.078991
2019,08,28,0.100776
2019,08,28,0.078386
2019,08,28,0.093012
2019,08,28,0.085559
2019,08,28,0.031669
2019,08,28,0.073132
2019,08,28,0.075925
2019,08,28,0.108564
2019,08,28,0.096752
2019,08,28,0.094681
2019,08,28,0.098644
2019,08,28,0.103837
2019,08,28,0.100146
2019,08,28,0.073538
2019,08,28,0.060882
2019,08,28,0.061174
2019,08,28,0.085274
2019,08,28,0.058967
2019,08,28,0.088728
2019,08,28,0.070451
2019,08,28,0.076383
2019,08,28,0.076679
2019,08,28,0.047288
2019,08,28,0.101245
2019,08,28,0.039330
2019,08,28,0.070778
2019,08,28,0.036855
2019,08,28,0.072049
2019,08,28,0.048752
2019,08,28,0.046104
2019,08,28,0.053706
2019,08,28,0.038043
2019,08,28,0.039329
2019,08,28,0.053442
2019,08,28,0.083431
2019,08,28,0.042211
2019,08,28,0.036627
2019,08,28,0.041367
2019,08,28,0.039379
2019,08,28,0.040708
2019,08,28,0.036494
2019,08,28,0.073889
2019,08,28,0.065088
2019,08,28,0.046169
2019,08,28,0.040910
2019,08,28,0.035210
2019,08,28,0.085580
2019,08,28,0.084218
2019,08,28,0.066384
2019,08,28,0.050091
2019,08,28,0.038611
2019,08,28,0.048840
2019,08,28,0.044782
2019,08,28,0.046645
2019,08,28,0.049118
2019,08,28,0.050961
2019,08,28,0.049766
2019,08,28,0.097244
2019,08,28,0.060006
2019,08,28,0.084257
2019,08,28,0.070509
2019,08,28,0.046722
2019,08,28,0.051771
2019,08,28,0.055463
2019,08,28,0.043910
2019,08,28,0.066848
2019,08,28,0.049995
2019,08,28,0.050343
2019,08,28,0.044765
2019,08,28,0.043784
2019,08,28,0.100944
2019,08,28,0.095889
2019,08,28,0.053562
2019,08,28,0.032136
2019,08,28,0.062114
2019,08,28,0.048214
2019,08,28,0.047148
2019,08,28,0.068427
2019,08,28,0.069057
2019,08,28,0.042758
2019,08,28,0.075662
2019,08,28,0.054710
2019,08,28,0.058701
2019,08,28,0.081731
2019,08,28,0.073317
2019,08,28,0.075364
2019,08,28,0.083764
2019,08,28,0.071727
2019,08,28,0.073599
2019,08,28,0.075228
2019,08,28,0.062972
2019,08,28,0.053543
2019,08,28,0.033453
2019,08,28,0.043707
2019,08,28,0.037169
2019,08,28,0.051544
2019,08,28,0.050941
2019,08,28,0.077033
2019,08,28,0.063814
2019,08,28,0.080808
2019,08,28,0.078215
2019,08,28,0.076053
2019,08,28,0.075790
2019,08,28,0.078326
2019,08,28,0.081225
2019,08,28,0.090828
2019,08,28,0.048843
2019,08,28,0.070563
2019,08,28,0.071707
2019,08,28,0.069965
2019,08,28,0.080246
2019,08,28,0.090333
2019,08,28,0.053642
2019,08,28,0.061092
2019,08,28,0.047515
2019,08,28,0.091345
2019,08,28,0.039124
2019,08,28,0.045679
2019,08,28,0.089530
2019,08,28,0.050861
2019,08,28,0.076818
2019,08,28,0.080336
2019,08,28,0.093612
2019,08,28,0.076528
2019,08,28,0.073568
2019,08,28,0.093428
2019,08,28,0.049358
2019,08,28,0.072470
2019,08,28,0.051903
2019,08,28,0.051763
2019,08,28,0.111235
2019,08,28,0.040794
2019,08,28,0.027037
2019,08,28,0.026131
2019,08,28,0.030613
2019,08,28,0.052687
2019,08,28,0.051806
2019,08,28,0.043456
2019,08,28,0.036326
2019,08,28,0.037044
2019,08,28,0.040297
2019,08,28,0.078425
2019,08,28,0.084813
2019,08,28,0.078130
2019,08,28,0.077751
2019,08,28,0.033810
2019,08,28,0.066784
2019,08,28,0.046228
2019,08,28,0.093437
2019,08,28,0.050547
2019,08,28,0.057185
2019,08,28,0.038016
2019,08,28,0.060440
2019,08,28,0.037768
2019,08,28,0.040620
2019,08,28,0.045127
2019,08,28,0.047219
2019,08,28,0.036871
2019,08,28,0.041327
2019,08,28,0.053338
2019,08,28,0.029995
2019,08,28,0.032557
2019,08,28,0.033402
2019,08,28,0.030980
2019,08,28,0.033882
2019,08,28,0.031012
2019,08,28,0.032304
2019,08,28,0.031541
2019,08,28,0.049101
2019,08,28,0.048588
2019,08,28,0.029978
2019,08,28,0.033136
2019,08,28,0.040094
2019,08,28,0.043821
2019,08,28,0.048717
2019,08,28,0.035108
2019,08,28,0.046530
2019,08,28,0.036279
2019,08,28,0.050985
2019,08,28,0.050024
2019,08,28,0.030522
2019,08,28,0.033122
2019,08,28,0.031321
2019,08,28,0.039476
2019,08,28,0.029288
2019,08,28,0.037803
2019,08,28,0.032175
2019,08,28,0.043386
2019,08,28,0.028273
2019,08,28,0.045673
2019,08,28,0.056511
2019,08,28,0.070700
2019,08,28,0.069069
2019,08,28,0.038601
2019,08,28,0.044915
2019,08,28,0.037794
2019,08,28,0.031101
2019,08,28,0.031978
2019,08,28,0.032278
2019,08,28,0.030378
2019,08,28,0.039420
2019,08,28,0.034545
2019,08,28,0.033603
2019,08,28,0.030916
2019,08,28,0.065338
2019,08,28,0.039281
2019,08,28,0.028394
2019,08,28,0.034182
2019,08,28,0.030644
2019,08,28,0.032912
2019,08,28,0.030751
2019,08,28,0.033117
2019,08,28,0.030597
2019,08,28,0.034437
2019,08,28,0.033760
2019,08,28,0.064076
2019,08,28,0.033557
2019,08,28,0.031055
2019,08,28,0.034706
2019,08,28,0.064854
2019,08,28,0.032708
2019,08,28,0.025295
2019,08,28,0.034463
2019,08,28,0.030595
2019,08,28,0.028863
2019,08,28,0.033114
2019,08,28,0.030969
2019,08,28,0.038250
2019,08,28,0.026401
2019,08,28,0.029519
2019,08,28,0.032668
2019,08,28,0.024439
2019,08,28,0.036096
2019,08,28,0.032640
2019,08,28,0.030990
2019,08,28,0.021943
2019,08,28,0.042201
2019,08,28,0.044479
2019,08,28,0.185720
2019,08,28,0.043013
2019,08,28,0.033726
2019,08,28,0.033570
2019,08,28,0.030650
2019,08,28,0.030679
2019,08,28,0.030630
2019,08,28,0.032838
2019,08,28,0.033622
2019,08,28,0.030504
2019,08,28,0.030489
2019,08,28,0.032549
2019,08,28,0.030854
2019,08,28,0.033283
2019,08,28,0.030725
2019,08,28,0.033103
2019,08,28,0.031039
2019,08,28,0.034103
2019,08,28,0.032864
2019,08,28,0.032650
2019,08,28,0.032667
2019,08,28,0.033912
2019,08,28,0.030880
2019,08,28,0.029934
2019,08,28,0.033347
2019,08,28,0.029420
2019,08,28,0.029167
2019,08,28,0.030044
2019,08,28,0.021029
2019,08,28,0.022056
2019,08,28,0.035657
2019,08,28,0.030186
2019,08,28,0.032755
2019,08,28,0.050998
2019,08,28,0.030880
2019,08,28,0.032428
2019,08,28,0.033834
2019,08,28,0.032812
2019,08,28,0.029807
2019,08,28,0.034520
2019,08,28,0.033831
2019,08,28,0.030320
2019,08,28,0.032665
2019,08,28,0.035929
2019,08,28,0.028343
2019,08,28,0.029176
2019,08,28,0.023516
2019,08,28,0.031391
2019,08,28,0.046217
2019,08,28,0.026029
2019,08,28,0.030576
2019,08,28,0.030711
2019,08,28,0.033030
2019,08,28,0.032826
2019,08,28,0.033468
2019,08,28,0.032267
2019,08,28,0.032938
2019,08,28,0.034291
2019,08,28,0.030014
2019,08,28,0.030139
2019,08,28,0.033866
2019,08,28,0.039416
2019,08,28,0.026878
2019,08,28,0.031558
2019,08,28,0.033148
2019,08,28,0.033917
2019,08,28,0.048763
2019,08,28,0.032600
2019,08,28,0.032630
2019,08,28,0.033466
2019,08,28,0.033904
2019,08,28,0.032829
2019,08,28,0.030558
2019,08,28,0.033395
2019,08,28,0.033498
2019,08,28,0.033759
2019,08,28,0.061978
2019,08,28,0.030095
2019,08,28,0.048933
2019,08,28,0.034534
2019,08,28,0.045612
2019,08,28,0.034004
2019,08,28,0.030439
2019,08,28,0.033658
2019,08,28,0.031962
2019,08,28,0.033001
2019,08,28,0.033518
2019,08,28,0.032797
2019,08,28,0.030656
2019,08,28,0.031920
2019,08,28,0.032089
2019,08,28,0.031168
2019,08,28,0.033326
2019,08,28,0.030948
2019,08,28,0.032644
2019,08,28,0.030674
2019,08,28,0.036375
2019,08,28,0.030397
2019,08,28,0.030612
2019,08,28,0.033479
2019,08,28,0.045431
2019,08,28,0.033199
2019,08,28,0.023868
2019,08,28,0.031151
2019,08,28,0.037525
2019,08,28,0.028985
2019,08,28,0.034549
2019,08,28,0.036369
2019,08,28,0.030560
2019,08,28,0.035610
2019,08,28,0.023871
2019,08,28,0.029799
2019,08,28,0.036897
2019,08,28,0.023565
2019,08,28,0.043628
2019,08,28,0.038308
2019,08,28,0.033001
2019,08,28,0.044007
2019,08,28,0.045506
2019,08,28,0.051121
2019,08,28,0.040784
2019,08,28,0.039114
2019,08,28,0.025977
2019,08,28,0.037246
2019,08,28,0.029554
2019,08,28,0.042746
2019,08,28,0.028190
2019,08,28,0.034110
2019,08,28,0.030649
2019,08,28,0.037447
2019,08,28,0.030548
2019,08,28,0.035560
2019,08,28,0.030447
2019,08,28,0.032927
2019,08,28,0.033370
2019,08,28,0.030473
2019,08,28,0.031067
2019,08,28,0.035653
2019,08,28,0.033627
2019,08,28,0.033672
2019,08,28,0.033728
2019,08,28,0.035214
2019,08,28,0.030832
2019,08,28,0.030234
2019,08,28,0.033884
2019,08,28,0.033771
2019,08,28,0.032743
2019,08,28,0.033591
2019,08,28,0.033620
2019,08,28,0.033446
2019,08,28,0.035138
2019,08,28,0.033361
2019,08,28,0.028224
2019,08,28,0.028449
2019,08,28,0.028613
2019,08,28,0.028402
2019,08,28,0.031516
2019,08,28,0.026327
2019,08,28,0.028417
2019,08,28,0.026999
2019,08,28,0.025937
2019,08,28,0.028692
2019,08,28,0.026633
2019,08,28,0.026469
2019,08,28,0.027952
2019,08,28,0.028465
2019,08,28,0.026010
2019,08,28,0.029536
2019,08,28,0.025896
2019,08,28,0.112301
2019,08,28,0.026444
2019,08,28,0.028529
2019,08,28,0.044582
2019,08,28,0.027606
2019,08,28,0.038471
2019,08,28,0.035374
2019,08,28,0.032433
2019,08,28,0.024011
2019,08,28,0.039490
2019,08,28,0.027848
2019,08,28,0.036058
2019,08,28,0.036253
2019,08,28,0.035381
2019,08,28,0.044521
2019,08,28,0.053235
2019,08,28,0.054187
2019,08,28,0.047181
2019,08,28,0.057238
2019,08,28,0.054092
2019,08,28,0.054822
2019,08,28,0.059861
2019,08,28,0.050036
2019,08,28,0.055151
2019,08,28,0.052905
2019,08,28,0.061535
2019,08,28,0.048295
2019,08,28,0.051386
2019,08,28,0.054190
2019,08,28,0.055651
2019,08,28,0.054088
2019,08,28,0.059181
2019,08,28,0.054861
2019,08,28,0.051730
2019,08,28,0.049478
2019,08,28,0.054905
2019,08,28,0.055819
2019,08,28,0.052176
2019,08,28,0.073467
2019,08,28,0.048651
2019,08,28,0.053503
2019,08,28,0.052767
2019,08,28,0.055311
2019,08,28,0.055849
2019,08,28,0.059717
2019,08,28,0.052281
2019,08,28,0.056895
2019,08,28,0.048725
2019,08,28,0.056673
2019,08,28,0.057286
2019,08,28,0.055482
2019,08,28,0.052803
2019,08,28,0.051659
2019,08,28,0.050713
2019,08,28,0.053717
2019,08,28,0.055169
2019,08,28,0.057557
2019,08,28,0.050438
2019,08,28,0.054638
2019,08,28,0.053179
2019,08,28,0.050955
2019,08,28,0.052719
2019,08,28,0.052099
2019,08,28,0.058536
2019,08,28,0.053112
2019,08,28,0.056743
2019,08,28,0.058129
2019,08,28,0.054479
2019,08,28,0.055570
2019,08,28,0.048718
2019,08,28,0.056140
2019,08,28,0.054154
2019,08,28,0.060104
2019,08,28,0.051304
2019,08,28,0.053429
2019,08,28,0.050227
2019,08,28,0.067646
2019,08,28,0.056323
2019,08,28,0.042417
2019,08,28,0.048246
2019,08,28,0.026503
2019,08,28,0.032514
2019,08,28,0.030437
2019,08,28,0.026521
2019,08,28,0.057935
2019,08,28,0.027467
2019,08,28,0.030924
2019,08,28,0.026624
2019,08,28,0.029413
2019,08,28,0.026159
2019,08,28,0.029258
2019,08,28,0.026053
2019,08,28,0.028507
2019,08,28,0.028915
2019,08,28,0.028192
2019,08,28,0.028659
2019,08,28,0.026228
2019,08,28,0.028328
2019,08,28,0.028631
2019,08,28,0.030897
2019,08,28,0.023966
2019,08,28,0.028827
2019,08,28,0.043719
2019,08,28,0.028235
2019,08,28,0.029379
2019,08,28,0.026580
2019,08,28,0.026146
2019,08,28,0.026086
2019,08,28,0.026293
2019,08,28,0.027173
2019,08,28,0.028979
2019,08,28,0.027819
2019,08,28,0.021469
2019,08,28,0.017094
2019,08,28,0.020355
2019,08,28,0.030796
2019,08,28,0.026741
2019,08,28,0.029577
2019,08,28,0.034432
2019,08,28,0.026366
2019,08,28,0.024630
2019,08,28,0.028162
2019,08,28,0.028805
2019,08,28,0.028609
2019,08,28,0.029004
2019,08,28,0.026650
2019,08,28,0.029679
2019,08,28,0.026678
2019,08,28,0.028311
2019,08,28,0.028561
2019,08,28,0.027661
2019,08,28,0.028050
2019,08,28,0.029513
2019,08,28,0.028331
2019,08,28,0.024680
2019,08,28,0.025869
2019,08,28,0.028874
2019,08,28,0.028559
2019,08,28,0.029024
2019,08,28,0.025254
2019,08,28,0.028659
2019,08,28,0.036091
2019,08,28,0.081561
2019,08,28,0.028984
2019,08,28,0.038317
2019,08,28,0.030476
2019,08,28,0.025769
2019,08,28,0.029099
2019,08,28,0.036074
2019,08,28,0.033990
2019,08,28,0.026565
2019,08,28,0.039897
2019,08,28,0.025334
2019,08,28,0.028258
2019,08,28,0.033462
2019,08,28,0.027391
2019,08,28,0.028365
2019,08,28,0.028404
2019,08,28,0.026290
2019,08,28,0.029055
2019,08,28,0.028667
2019,08,28,0.028050
2019,08,28,0.026231
2019,08,28,0.026392
2019,08,28,0.028819
2019,08,28,0.027810
2019,08,28,0.067695
2019,08,28,0.026672
2019,08,28,0.027820
2019,08,28,0.026409
2019,08,28,0.028670
2019,08,28,0.025968
2019,08,28,0.028594
2019,08,28,0.027914
2019,08,28,0.026465
2019,08,28,0.029076
2019,08,28,0.026403
2019,08,28,0.031142
2019,08,28,0.026298
2019,08,28,0.029031
2019,08,28,0.027915
2019,08,28,0.035962
2019,08,28,0.030838
2019,08,28,0.026367
2019,08,28,0.027645
2019,08,28,0.026040
2019,08,28,0.048463
2019,08,28,0.032552
2019,08,28,0.026629
2019,08,28,0.028416
2019,08,28,0.027683
2019,08,28,0.026258
2019,08,28,0.027660
2019,08,28,0.028613
2019,08,28,0.040673
2019,08,28,0.022267
2019,08,28,0.028990
2019,08,28,0.023752
2019,08,28,0.026489
2019,08,28,0.028099
2019,08,28,0.026787
2019,08,28,0.040907
2019,08,28,0.022800
2019,08,28,0.024780
2019,08,28,0.023025
2019,08,28,0.025942
2019,08,28,0.024642
2019,08,28,0.022551
2019,08,28,0.023058
2019,08,28,0.022802
2019,08,28,0.024007
2019,08,28,0.035151
2019,08,28,0.024906
2019,08,28,0.022730
2019,08,28,0.026285
2019,08,28,0.023073
2019,08,28,0.022982
2019,08,28,0.022471
2019,08,28,0.024309
2019,08,28,0.034556
2019,08,28,0.024479
2019,08,28,0.024588
2019,08,28,0.022948
2019,08,28,0.025287
2019,08,28,0.021461
2019,08,28,0.024790
2019,08,28,0.023073
2019,08,28,0.023559
2019,08,28,0.025012
2019,08,28,0.022939
2019,08,28,0.022920
2019,08,28,0.022783
2019,08,28,0.025779
2019,08,28,0.025517
2019,08,28,0.024597
2019,08,28,0.022952
2019,08,28,0.024166
2019,08,28,0.024357
2019,08,28,0.025947
2019,08,28,0.023083
2019,08,28,0.024351
2019,08,28,0.024470
2019,08,28,0.023960
2019,08,28,0.022734
2019,08,28,0.022696
2019,08,28,0.024233
2019,08,28,0.025836
2019,08,28,0.022693
2019,08,28,0.024338
2019,08,28,0.025918
2019,08,28,0.023429
2019,08,28,0.033709
2019,08,28,0.023802
2019,08,28,0.024140
2019,08,28,0.023037
2019,08,28,0.023023
2019,08,28,0.022605
2019,08,28,0.024924
2019,08,28,0.024255
2019,08,28,0.022640
2019,08,28,0.025123
2019,08,28,0.022781
2019,08,28,0.042820
2019,08,28,0.029473
2019,08,28,0.022836
2019,08,28,0.035078
2019,08,28,0.025597
2019,08,28,0.021885
2019,08,28,0.026817
2019,08,28,0.034278
2019,08,28,0.034205
2019,08,28,0.029406
2019,08,28,0.048877
2019,08,28,0.044309
2019,08,28,0.023448
2019,08,28,0.045868
2019,08,28,0.023102
2019,08,28,0.029778
2019,08,28,0.023183
2019,08,28,0.035591
2019,08,28,0.032520
2019,08,28,0.040846
2019,08,28,0.025475
2019,08,28,0.025011
2019,08,28,0.025232
2019,08,28,0.024810
2019,08,28,0.026629
2019,08,28,0.022619
2019,08,28,0.027150
2019,08,28,0.023667
2019,08,28,0.034244
2019,08,28,0.021343
2019,08,28,0.035863
2019,08,28,0.037273
2019,08,28,0.027317
2019,08,28,0.029950
2019,08,28,0.043966
2019,08,28,0.069606
2019,08,28,0.046846
2019,08,28,0.055749
2019,08,28,0.023724
2019,08,28,0.035609
2019,08,28,0.036950
2019,08,28,0.030465
2019,08,28,0.025018
2019,08,28,0.046102
2019,08,28,0.055364
2019,08,28,0.045340
2019,08,28,0.021125
2019,08,28,0.026983
2019,08,28,0.065266
2019,08,28,0.039704
2019,08,28,0.035187
2019,08,28,0.058755
2019,08,28,0.023881
2019,08,28,0.034529
2019,08,28,0.022462
2019,08,28,0.066044
2019,08,28,0.050961
2019,08,28,0.047879
2019,08,28,0.048854
2019,08,28,0.046810
2019,08,28,0.051957
2019,08,28,0.051573
2019,08,28,0.042310
2019,08,28,0.050292
2019,08,28,0.053659
2019,08,28,0.042732
2019,08,28,0.050936
2019,08,28,0.047584
2019,08,28,0.045483
2019,08,28,0.047313
2019,08,28,0.043041
2019,08,28,0.049188
2019,08,28,0.065097
2019,08,28,0.023073
2019,08,28,0.026355
2019,08,28,0.023140
2019,08,28,0.038847
2019,08,28,0.027004
2019,08,28,0.030961
2019,08,28,0.026076
2019,08,28,0.025700
2019,08,28,0.022534
2019,08,28,0.026394
2019,08,28,0.026660
2019,08,28,0.025684
2019,08,28,0.033838
2019,08,28,0.029000
2019,08,28,0.025801
2019,08,28,0.022911
2019,08,28,0.025563
2019,08,28,0.021564
2019,08,28,0.026714
2019,08,28,0.021729
2019,08,28,0.029004
2019,08,28,0.027932
2019,08,28,0.035282
2019,08,28,0.045685
2019,08,28,0.054784
2019,08,28,0.051099
2019,08,28,0.052536
2019,08,28,0.033956
2019,08,28,0.050899
2019,08,28,0.028042
2019,08,28,0.035272
2019,08,28,0.034183
2019,08,28,0.025316
2019,08,28,0.042994
2019,08,28,0.047983
2019,08,28,0.046924
2019,08,28,0.044182
2019,08,28,0.046756
2019,08,28,0.066461
2019,08,28,0.045193
2019,08,28,0.051646
2019,08,28,0.044512
2019,08,28,0.045163
2019,08,28,0.034510
2019,08,28,0.027964
2019,08,28,0.031105
2019,08,28,0.049434
2019,08,28,0.051188
2019,08,28,0.051720
2019,08,28,0.044968
2019,08,28,0.050394
2019,08,28,0.045525
2019,08,28,0.050950
2019,08,28,0.046466
2019,08,28,0.056726
2019,08,28,0.049776
2019,08,28,0.047031
2019,08,28,0.023446
2019,08,28,0.028093
2019,08,28,0.020054
2019,08,28,0.039784
2019,08,28,0.037556
2019,08,28,0.021114
2019,08,28,0.037997
2019,08,28,0.030910
2019,08,28,0.027931
2019,08,28,0.026291
2019,08,28,0.025329
2019,08,28,0.025539
2019,08,28,0.022807
2019,08,28,0.025572
2019,08,28,0.025612
2019,08,28,0.023167
2019,08,28,0.022867
2019,08,28,0.024602
2019,08,28,0.027670
2019,08,28,0.022483
2019,08,28,0.023109
2019,08,28,0.025506
2019,08,28,0.022902
2019,08,28,0.025129
2019,08,28,0.022824
2019,08,28,0.025157
2019,08,28,0.045580
2019,08,28,0.035745
2019,08,28,0.034289
2019,08,28,0.042724
2019,08,28,0.053706
2019,08,28,0.038936
2019,08,28,0.027115
2019,08,28,0.029558
2019,08,28,0.057137
2019,08,28,0.048304
2019,08,28,0.045832
2019,08,28,0.053152
2019,08,28,0.051054
2019,08,28,0.047799
2019,08,28,0.045723
2019,08,28,0.048725
2019,08,28,0.048037
2019,08,28,0.047570
2019,08,28,0.052351
2019,08,28,0.044226
2019,08,28,0.044086
2019,08,28,0.050249
2019,08,28,0.029726
2019,08,28,0.044470
2019,08,28,0.050098
2019,08,28,0.044762
2019,08,28,0.059239
2019,08,28,0.041471
2019,08,28,0.051533
2019,08,28,0.026802
2019,08,28,0.046754
2019,08,28,0.025222
2019,08,28,0.017818
2019,08,28,0.030153
2019,08,28,0.019906
2019,08,28,0.030858
2019,08,28,0.018952
2019,08,28,0.019900
2019,08,28,0.043153
2019,08,28,0.036346
2019,08,28,0.043664
2019,08,28,0.041080
2019,08,28,0.023214
2019,08,28,0.029994
2019,08,28,0.043245
2019,08,28,0.037495
2019,08,28,0.017025
2019,08,28,0.032921
2019,08,28,0.036817
2019,08,28,0.026963
2019,08,28,0.043681
2019,08,28,0.039717
2019,08,28,0.035456
2019,08,28,0.019142
2019,08,28,0.023132
2019,08,28,0.024382
2019,08,28,0.038639
2019,08,28,0.017158
2019,08,28,0.049627
2019,08,28,0.033959
2019,08,28,0.028929
2019,08,28,0.046395
2019,08,28,0.049144
2019,08,28,0.017947
2019,08,28,0.031822
2019,08,28,0.034486
2019,08,28,0.025829
2019,08,28,0.022977
2019,08,28,0.025354
2019,08,28,0.034821
2019,08,28,0.026272
2019,08,28,0.054385
2019,08,28,0.031782
2019,08,28,0.026519
2019,08,28,0.042046
2019,08,28,0.026316
2019,08,28,0.021173
2019,08,28,0.021083
2019,08,28,0.022755
2019,08,28,0.023173
2019,08,28,0.021414
2019,08,28,0.022757
2019,08,28,0.023725
2019,08,28,0.024745
2019,08,28,0.019613
2019,08,28,0.021017
2019,08,28,0.024936
2019,08,28,0.019692
2019,08,28,0.023076
2019,08,28,0.023355
2019,08,28,0.022280
2019,08,28,0.020651
2019,08,28,0.022044
2019,08,28,0.023300
2019,08,28,0.021162
2019,08,28,0.020875
2019,08,28,0.023074
2019,08,28,0.022401
2019,08,28,0.020681
2019,08,28,0.023022
2019,08,28,0.020756
2019,08,28,0.022133
2019,08,28,0.021165
2019,08,28,0.023626
2019,08,28,0.022445
2019,08,28,0.025646
2019,08,28,0.018764
2019,08,28,0.020805
2019,08,28,0.023098
2019,08,28,0.020697
2019,08,28,0.022274
2019,08,28,0.026053
2019,08,28,0.022772
2019,08,28,0.022722
2019,08,28,0.033343
2019,08,28,0.024927
2019,08,28,0.022810
2019,08,28,0.023385
2019,08,28,0.023034
2019,08,28,0.020708
2019,08,28,0.021061
2019,08,28,0.023520
2019,08,28,0.020949
2019,08,28,0.022142
2019,08,28,0.022851
2019,08,28,0.022368
2019,08,28,0.019493
2019,08,28,0.021085
2019,08,28,0.020729
2019,08,28,0.020496
2019,08,28,0.022339
2019,08,28,0.022820
2019,08,28,0.020786
2019,08,28,0.022575
2019,08,28,0.021008
2019,08,28,0.022703
2019,08,28,0.018664
2019,08,28,0.022622
2019,08,28,0.021315
2019,08,28,0.036174
2019,08,28,0.042651
2019,08,28,0.048890
2019,08,28,0.049933
2019,08,28,0.039873
2019,08,28,0.102997
2019,08,28,0.033721
2019,08,28,0.024176
2019,08,28,0.034821
2019,08,28,0.036765
2019,08,28,0.020598
2019,08,28,0.029841
2019,08,28,0.020607
2019,08,28,0.031039
2019,08,28,0.044025
2019,08,28,0.045860
2019,08,28,0.023595
2019,08,28,0.028691
2019,08,28,0.048817
2019,08,28,0.051904
2019,08,28,0.055338
2019,08,28,0.017622
2019,08,28,0.021447
2019,08,28,0.054134
2019,08,28,0.048984
2019,08,28,0.046265
2019,08,28,0.032566
2019,08,28,0.019203
2019,08,28,0.020972
2019,08,28,0.022987
2019,08,28,0.020984
2019,08,28,0.023128
2019,08,28,0.023090
2019,08,28,0.023846
2019,08,28,0.021100
2019,08,28,0.022909
2019,08,28,0.020691
2019,08,28,0.020783
2019,08,28,0.020942
2019,08,28,0.022675
2019,08,28,0.022762
2019,08,28,0.020966
2019,08,28,0.023156
2019,08,28,0.022513
2019,08,28,0.021195
2019,08,28,0.022922
2019,08,28,0.022654
2019,08,28,0.031096
2019,08,28,0.028636
2019,08,28,0.044444
2019,08,28,0.039120
2019,08,28,0.023095
2019,08,28,0.032343
2019,08,28,0.027160
2019,08,28,0.020725
2019,08,28,0.020856
2019,08,28,0.020837
2019,08,28,0.022499
2019,08,28,0.020859
2019,08,28,0.023018
2019,08,28,0.021123
2019,08,28,0.022507
2019,08,28,0.021222
2019,08,28,0.022950
2019,08,28,0.020777
2019,08,28,0.020742
2019,08,28,0.030359
2019,08,28,0.025749
2019,08,28,0.022049
2019,08,28,0.022664
2019,08,28,0.022647
2019,08,28,0.021929
2019,08,28,0.038386
2019,08,28,0.041072
2019,08,28,0.039070
2019,08,28,0.048720
2019,08,28,0.048484
2019,08,28,0.023571
2019,08,28,0.033626
2019,08,28,0.042526
2019,08,28,0.026501
2019,08,28,0.025717
2019,08,28,0.020677
2019,08,28,0.037316
2019,08,28,0.033277
2019,08,28,0.060434
2019,08,28,0.034219
2019,08,28,0.043495
2019,08,28,0.029303
2019,08,28,0.026424
2019,08,28,0.041820
2019,08,28,0.025332
2019,08,28,0.020728
2019,08,28,0.023783
2019,08,28,0.023193
2019,08,28,0.024244
2019,08,28,0.025249
2019,08,28,0.025596
2019,08,28,0.022316
2019,08,28,0.024032
2019,08,28,0.021706
2019,08,28,0.024571
2019,08,28,0.022057
2019,08,28,0.084186
2019,08,28,0.032378
2019,08,28,0.027399
2019,08,28,0.044278
2019,08,28,0.044773
2019,08,28,0.041763
2019,08,28,0.047228
2019,08,28,0.018938
2019,08,28,0.026895
2019,08,28,0.047449
2019,08,28,0.041472
2019,08,28,0.035967
2019,08,28,0.022878
2019,08,28,0.031198
2019,08,28,0.027363
2019,08,28,0.037635
2019,08,28,0.019830
2019,08,28,0.020215
2019,08,28,0.032720
2019,08,28,0.050284
2019,08,28,0.022055
2019,08,28,0.024665
2019,08,28,0.023348
2019,08,28,0.025354
2019,08,28,0.025565
2019,08,28,0.022579
2019,08,28,0.023694
2019,08,28,0.022670
2019,08,28,0.020644
2019,08,28,0.024834
2019,08,28,0.024197
2019,08,28,0.019503
2019,08,28,0.022583
2019,08,28,0.033684
2019,08,28,0.028568
2019,08,28,0.041603
2019,08,28,0.042163
2019,08,28,0.045626
2019,08,28,0.051739
2019,08,28,0.039730
2019,08,28,0.041659
2019,08,28,0.047081
2019,08,28,0.044948
2019,08,28,0.036599
2019,08,28,0.025201
2019,08,28,0.020652
2019,08,28,0.055845
2019,08,28,0.026168
2019,08,28,0.017600
2019,08,28,0.021291
2019,08,28,0.022948
2019,08,28,0.023311
2019,08,28,0.020945
2019,08,28,0.022615
2019,08,28,0.030780
2019,08,28,0.026489
2019,08,28,0.024702
2019,08,28,0.030385
2019,08,28,0.022991
2019,08,28,0.033112
2019,08,28,0.025212
2019,08,28,0.020775
2019,08,28,0.022785
2019,08,28,0.022917
2019,08,28,0.028081
2019,08,28,0.027556
2019,08,28,0.024900
2019,08,28,0.024229
2019,08,28,0.019536
2019,08,28,0.021007
2019,08,28,0.020903
2019,08,28,0.022118
2019,08,28,0.020846
2019,08,28,0.022575
2019,08,28,0.023775
2019,08,28,0.022248
2019,08,28,0.021207
2019,08,28,0.020647
2019,08,28,0.022343
2019,08,28,0.023245
2019,08,28,0.020892
2019,08,28,0.020501
2019,08,28,0.022829
2019,08,28,0.020844
2019,08,28,0.020722
2019,08,28,0.023411
2019,08,28,0.021039
2019,08,28,0.023177
2019,08,28,0.039779
2019,08,28,0.023568
2019,08,28,0.020340
2019,08,28,0.023040
2019,08,28,0.020867
2019,08,28,0.022381
2019,08,28,0.023458
2019,08,28,0.021026
2019,08,28,0.022344
2019,08,28,0.022412
2019,08,28,0.021123
2019,08,28,0.023004
2019,08,28,0.020952
2019,08,28,0.022930
2019,08,28,0.023214
2019,08,28,0.022228
2019,08,28,0.033119
2019,08,28,0.022931
2019,08,28,0.023226
2019,08,28,0.020722
2019,08,28,0.022171
2019,08,28,0.020850
2019,08,28,0.020512
2019,08,28,0.022260
2019,08,28,0.030146
2019,08,28,0.028134
2019,08,28,0.025184
2019,08,28,0.023975
2019,08,28,0.030759
2019,08,28,0.021716
2019,08,28,0.024048
2019,08,28,0.026839
2019,08,28,0.021696
2019,08,28,0.022886
2019,08,28,0.031229
2019,08,28,0.025916
2019,08,28,0.029997
2019,08,28,0.027881
2019,08,28,0.040498
2019,08,28,0.019405
2019,08,28,0.023218
2019,08,28,0.053744
2019,08,28,0.036436
2019,08,28,0.057260
2019,08,28,0.044234
2019,08,28,0.046685
2019,08,28,0.042267
2019,08,28,0.041647
2019,08,28,0.042982
2019,08,28,0.050727
2019,08,28,0.022871
2019,08,28,0.044723
2019,08,28,0.029385
2019,08,28,0.020553
2019,08,28,0.033405
2019,08,28,0.029927
2019,08,28,0.023258
2019,08,28,0.027990
2019,08,28,0.023753
2019,08,28,0.033905
2019,08,28,0.045369
2019,08,28,0.041355
2019,08,28,0.029522
2019,08,28,0.026075
2019,08,28,0.036188
2019,08,28,0.027548
2019,08,28,0.029318
2019,08,28,0.027062
2019,08,28,0.025915
2019,08,28,0.027447
2019,08,28,0.025549
2019,08,28,0.026106
2019,08,28,0.048086
2019,08,28,0.027503
2019,08,28,0.026697
2019,08,28,0.021281
2019,08,28,0.022424
2019,08,28,0.027216
2019,08,28,0.034319
2019,08,28,0.042384
2019,08,28,0.019599
2019,08,28,0.051091
2019,08,28,0.043678
2019,08,28,0.023440
2019,08,28,0.027949
2019,08,28,0.035316
2019,08,28,0.031846
2019,08,28,0.028758
2019,08,28,0.040446
2019,08,28,0.024037
2019,08,28,0.021867
2019,08,28,0.021401
2019,08,28,0.022445
2019,08,28,0.022804
2019,08,28,0.022096
2019,08,28,0.023262
2019,08,28,0.023468
2019,08,28,0.023027
2019,08,28,0.023537
2019,08,28,0.023649
2019,08,28,0.023121
2019,08,28,0.021061
2019,08,28,0.020432
2019,08,28,0.022915
2019,08,28,0.022284
2019,08,28,0.022812
2019,08,28,0.022657
2019,08,28,0.025273
2019,08,28,0.023365
2019,08,28,0.025752
2019,08,28,0.020495
2019,08,28,0.021198
2019,08,28,0.036420
2019,08,28,0.024499
2019,08,28,0.020480
2019,08,28,0.022880
2019,08,28,0.023149
2019,08,28,0.023308
2019,08,28,0.021115
2019,08,28,0.020474
2019,08,28,0.021002
2019,08,28,0.030561
2019,08,28,0.029282
2019,08,28,0.023195
2019,08,28,0.020503
2019,08,28,0.023173
2019,08,28,0.023587
2019,08,28,0.031317
2019,08,28,0.022603
2019,08,28,0.022753
2019,08,28,0.021299
2019,08,28,0.022298
2019,08,28,0.020749
2019,08,28,0.023861
2019,08,28,0.022444
2019,08,28,0.022208
2019,08,28,0.020808
2019,08,28,0.024286
2019,08,28,0.024822
2019,08,28,0.024827
2019,08,28,0.047744
2019,08,28,0.028299
2019,08,28,0.028225
2019,08,28,0.059797
2019,08,28,0.052259
2019,08,28,0.035306
2019,08,28,0.041992
2019,08,28,0.032337
2019,08,28,0.034913
2019,08,28,0.022472
2019,08,28,0.035580
2019,08,28,0.047019
2019,08,28,0.046536
2019,08,28,0.023626
2019,08,28,0.019506
2019,08,28,0.050392
2019,08,28,0.021882
2019,08,28,0.047682
2019,08,28,0.056877
2019,08,28,0.031605
2019,08,28,0.047037
2019,08,28,0.041510
2019,08,28,0.028786
2019,08,28,0.023193
2019,08,28,0.033394
2019,08,28,0.033324
2019,08,28,0.032742
2019,08,28,0.044250
2019,08,28,0.044758
2019,08,28,0.040923
2019,08,28,0.042827
2019,08,28,0.040267
2019,08,28,0.040293
2019,08,28,0.044551
2019,08,28,0.042981
2019,08,28,0.039509
2019,08,28,0.046649
2019,08,28,0.043779
2019,08,28,0.023847
2019,08,28,0.028054
2019,08,28,0.028870
2019,08,28,0.038842
2019,08,28,0.041351
2019,08,28,0.034119
2019,08,28,0.029105
2019,08,28,0.023145
2019,08,28,0.021312
2019,08,28,0.031144
2019,08,28,0.037200
2019,08,28,0.023728
2019,08,28,0.025550
2019,08,28,0.020921
2019,08,28,0.030716
2019,08,28,0.021935
2019,08,28,0.025432
2019,08,28,0.028300
2019,08,28,0.022321
2019,08,28,0.024136
2019,08,28,0.021905
2019,08,28,0.020630
2019,08,28,0.026832
2019,08,28,0.026217
2019,08,28,0.037680
2019,08,28,0.024005
2019,08,28,0.023610
2019,08,28,0.015498
2019,08,28,0.021396
2019,08,28,0.036523
2019,08,28,0.014842
2019,08,28,0.039950
2019,08,28,0.035372
2019,08,28,0.050395
2019,08,28,0.025035
2019,08,28,0.029329
2019,08,28,0.041382
2019,08,28,0.019691
2019,08,28,0.029825
2019,08,28,0.049183
2019,08,28,0.022236
2019,08,28,0.031042
2019,08,28,0.030390
2019,08,28,0.022949
2019,08,28,0.041943
2019,08,28,0.028444
2019,08,28,0.028123
2019,08,28,0.023140
2019,08,28,0.026328
2019,08,28,0.039870
2019,08,28,0.040918
2019,08,28,0.044920
2019,08,28,0.043182
2019,08,28,0.043302
2019,08,28,0.043389
2019,08,28,0.041499
2019,08,28,0.051098
2019,08,28,0.035217
2019,08,28,0.053273
2019,08,28,0.040972
2019,08,28,0.026915
2019,08,28,0.026574
2019,08,28,0.019458
2019,08,28,0.035704
2019,08,28,0.049322
2019,08,28,0.045105
2019,08,28,0.043686
2019,08,28,0.043293
2019,08,28,0.043623
2019,08,28,0.041437
2019,08,28,0.041677
2019,08,28,0.024254
2019,08,28,0.024599
2019,08,28,0.020533
2019,08,28,0.018164
2019,08,28,0.021017
2019,08,28,0.025180
2019,08,28,0.022371
2019,08,28,0.031391
2019,08,28,0.021320
2019,08,28,0.019447
2019,08,28,0.020588
2019,08,28,0.022725
2019,08,28,0.020407
2019,08,28,0.023060
2019,08,28,0.024650
2019,08,28,0.018716
2019,08,28,0.022289
2019,08,28,0.054321
2019,08,28,0.026143
2019,08,28,0.026884
2019,08,28,0.037621
2019,08,28,0.059072
2019,08,28,0.044449
2019,08,28,0.046367
2019,08,28,0.045647
2019,08,28,0.017110
2019,08,28,0.025813
2019,08,28,0.020850
2019,08,28,0.026301
2019,08,28,0.021234
2019,08,28,0.032808
2019,08,28,0.024439
2019,08,28,0.022852
2019,08,28,0.020724
2019,08,28,0.022439
2019,08,28,0.021049
2019,08,28,0.024788
2019,08,28,0.020914
2019,08,28,0.022854
2019,08,28,0.024007
2019,08,28,0.022857
2019,08,28,0.022083
2019,08,28,0.045782
2019,08,28,0.031933
2019,08,28,0.024295
2019,08,28,0.037802
2019,08,28,0.031649
2019,08,28,0.028048
2019,08,28,0.053187
2019,08,28,0.044269
2019,08,28,0.044004
2019,08,28,0.045265
2019,08,28,0.042977
2019,08,28,0.038248
2019,08,28,0.042004
2019,08,28,0.045137
2019,08,28,0.045409
2019,08,28,0.039022
2019,08,28,0.045375
2019,08,28,0.031523
2019,08,28,0.027792
2019,08,28,0.025356
2019,08,28,0.021280
2019,08,28,0.027284
2019,08,28,0.039276
2019,08,28,0.028635
2019,08,28,0.021636
2019,08,28,0.016031
2019,08,28,0.024614
2019,08,28,0.019488
2019,08,28,0.020922
2019,08,28,0.016721
2019,08,28,0.022112
2019,08,28,0.026816
2019,08,28,0.017240
2019,08,28,0.020216
2019,08,28,0.021322
2019,08,28,0.021858
2019,08,28,0.022808
2019,08,28,0.021140
2019,08,28,0.030016
2019,08,28,0.016100
2019,08,28,0.024320
2019,08,28,0.021016
2019,08,28,0.020860
2019,08,28,0.020794
2019,08,28,0.030651
2019,08,28,0.033940
2019,08,28,0.024089
2019,08,28,0.022513
2019,08,28,0.021290
2019,08,28,0.024534
2019,08,28,0.020939
2019,08,28,0.022360
2019,08,28,0.031951
2019,08,28,0.022754
2019,08,28,0.022585
2019,08,28,0.023879
2019,08,28,0.021109
2019,08,28,0.022857
2019,08,28,0.027786
2019,08,28,0.018422
2019,08,28,0.020965
2019,08,28,0.023264
2019,08,28,0.021795
2019,08,28,0.021139
2019,08,28,0.022962
2019,08,28,0.022275
2019,08,28,0.021233
2019,08,28,0.022825
2019,08,28,0.021152
2019,08,28,0.021421
2019,08,28,0.021143
2019,08,28,0.023548
2019,08,28,0.022772
2019,08,28,0.021183
2019,08,28,0.023126
2019,08,28,0.020909
2019,08,28,0.020847
2019,08,28,0.020789
2019,08,28,0.023051
2019,08,28,0.023362
2019,08,28,0.022304
2019,08,28,0.021416
2019,08,28,0.020804
2019,08,28,0.022774
2019,08,28,0.022039
2019,08,28,0.022924
2019,08,28,0.022427
2019,08,28,0.078187
2019,08,28,0.021405
2019,08,28,0.023683
2019,08,28,0.020159
2019,08,28,0.022753
2019,08,28,0.022791
2019,08,28,0.020905
2019,08,28,0.022863
2019,08,28,0.020738
2019,08,28,0.022675
2019,08,28,0.023334
2019,08,28,0.030174
2019,08,28,0.023037
2019,08,28,0.025467
2019,08,28,0.021415
2019,08,28,0.021039
2019,08,28,0.022710
2019,08,28,0.020740
2019,08,28,0.022384
2019,08,28,0.021949
2019,08,28,0.021064
2019,08,28,0.022547
2019,08,28,0.030793
2019,08,28,0.026388
2019,08,28,0.023036
2019,08,28,0.030936
2019,08,28,0.022520
2019,08,28,0.020677
2019,08,28,0.022768
2019,08,28,0.021192
2019,08,28,0.020441
2019,08,28,0.019803
2019,08,28,0.019112
2019,08,28,0.023119
2019,08,28,0.021572
2019,08,28,0.022518
2019,08,28,0.022591
2019,08,28,0.023120
2019,08,28,0.020891
2019,08,28,0.023640
2019,08,28,0.021207
2019,08,28,0.021197
2019,08,28,0.023317
2019,08,28,0.022632
2019,08,28,0.030378
2019,08,28,0.025870
2019,08,28,0.021356
2019,08,28,0.026308
2019,08,28,0.018634
2019,08,28,0.020909
2019,08,28,0.020674
2019,08,28,0.024218
2019,08,28,0.021127
2019,08,28,0.023353
2019,08,28,0.020771
2019,08,28,0.023527
2019,08,28,0.020904
2019,08,28,0.023879
2019,08,28,0.021004
2019,08,28,0.022773
2019,08,28,0.020627
2019,08,28,0.020877
2019,08,28,0.023530
2019,08,28,0.021215
2019,08,28,0.023462
2019,08,28,0.022479
2019,08,28,0.022985
2019,08,28,0.020953
2019,08,28,0.022478
2019,08,28,0.022832
2019,08,28,0.020975
2019,08,28,0.022867
2019,08,28,0.022523
2019,08,28,0.020755
2019,08,28,0.022514
2019,08,28,0.022872
2019,08,28,0.022236
2019,08,28,0.020796
2019,08,28,0.022660
2019,08,28,0.023312
2019,08,28,0.020848
2019,08,28,0.022842
2019,08,28,0.020738
2019,08,28,0.022268
2019,08,28,0.026581
2019,08,28,0.023342
2019,08,28,0.022676
2019,08,28,0.020960
2019,08,28,0.022308
2019,08,28,0.020844
2019,08,28,0.024218
2019,08,28,0.023999
2019,08,28,0.022206
2019,08,28,0.022312
2019,08,28,0.020957
2019,08,28,0.022915
2019,08,28,0.022216
2019,08,28,0.020923
2019,08,28,0.022561
2019,08,28,0.023041
2019,08,28,0.020803
2019,08,28,0.024028
2019,08,28,0.022767
2019,08,28,0.020961
2019,08,28,0.023450
2019,08,28,0.020937
2019,08,28,0.023497
2019,08,28,0.023295
2019,08,28,0.020933
2019,08,28,0.021218
2019,08,28,0.020819
2019,08,28,0.024075
2019,08,28,0.020909
2019,08,28,0.020972
2019,08,28,0.024666
2019,08,28,0.021005
2019,08,28,0.022817
2019,08,28,0.023032
2019,08,28,0.020886
2019,08,28,0.022784
2019,08,28,0.023452
2019,08,28,0.020900
2019,08,28,0.020893
2019,08,28,0.022772
2019,08,28,0.022461
2019,08,28,0.021118
2019,08,28,0.023665
2019,08,28,0.022166
2019,08,28,0.020945
2019,08,28,0.060140
2019,08,28,0.034032
2019,08,28,0.027281
2019,08,28,0.047553
2019,08,28,0.033463
2019,08,28,0.039927
2019,08,28,0.055223
2019,08,28,0.042696
2019,08,28,0.045845
2019,08,28,0.028316
2019,08,28,0.029529
2019,08,28,0.019705
2019,08,28,0.034972
2019,08,28,0.041645
2019,08,28,0.020410
2019,08,28,0.045118
2019,08,28,0.051572
2019,08,28,0.032077
2019,08,28,0.023035
2019,08,28,0.025129
2019,08,28,0.034761
2019,08,28,0.021686
2019,08,28,0.040594
2019,08,28,0.015099
2019,08,28,0.031443
2019,08,28,0.042817
2019,08,28,0.048221
2019,08,28,0.045525
2019,08,28,0.042032
2019,08,28,0.046786
2019,08,28,0.043688
2019,08,28,0.040727
2019,08,28,0.046427
2019,08,28,0.038019
2019,08,28,0.027777
2019,08,28,0.026279
2019,08,28,0.024867
2019,08,28,0.030079
2019,08,28,0.021833
2019,08,28,0.023791
2019,08,28,0.022204
2019,08,28,0.024234
2019,08,28,0.043589
2019,08,28,0.042576
2019,08,28,0.020643
2019,08,28,0.025436
2019,08,28,0.018216
2019,08,28,0.038090
2019,08,28,0.048906
2019,08,28,0.042198
2019,08,28,0.035548
2019,08,28,0.038737
2019,08,28,0.032975
2019,08,28,0.030042
2019,08,28,0.021498
2019,08,28,0.028994
2019,08,28,0.020262
2019,08,28,0.028868
2019,08,28,0.037062
2019,08,28,0.022668
2019,08,28,0.032932
2019,08,28,0.045523
2019,08,28,0.041366
2019,08,28,0.041065
2019,08,28,0.045614
2019,08,28,0.042830
2019,08,28,0.050779
2019,08,28,0.031830
2019,08,28,0.047941
2019,08,28,0.036897
2019,08,28,0.041079
2019,08,28,0.026344
2019,08,28,0.020928
2019,08,28,0.022831
2019,08,28,0.023730
2019,08,28,0.021077
2019,08,28,0.021056
2019,08,28,0.023013
2019,08,28,0.022763
2019,08,28,0.025258
2019,08,28,0.019576
2019,08,28,0.023244
2019,08,28,0.022481
2019,08,28,0.021060
2019,08,28,0.023540
2019,08,28,0.021144
2019,08,28,0.020639
2019,08,28,0.022527
2019,08,28,0.022978
2019,08,28,0.032125
2019,08,28,0.022333
2019,08,28,0.042859
2019,08,28,0.028924
2019,08,28,0.022038
2019,08,28,0.042571
2019,08,28,0.039213
2019,08,28,0.027922
2019,08,28,0.023013
2019,08,28,0.027496
2019,08,28,0.043816
2019,08,28,0.036318
2019,08,28,0.020758
2019,08,28,0.020580
2019,08,28,0.027742
2019,08,28,0.034583
2019,08,28,0.028460
2019,08,28,0.041590
2019,08,28,0.039509
2019,08,28,0.040265
2019,08,28,0.047390
2019,08,28,0.045556
2019,08,28,0.040098
2019,08,28,0.043741
2019,08,28,0.045933
2019,08,28,0.039600
2019,08,28,0.046756
2019,08,28,0.045554
2019,08,28,0.043285
2019,08,28,0.055623
2019,08,28,0.043733
2019,08,28,0.020718
2019,08,28,0.028430
2019,08,28,0.026765
2019,08,28,0.028648
2019,08,28,0.021367
2019,08,28,0.045673
2019,08,28,0.051625
2019,08,28,0.029599
2019,08,28,0.062122
2019,08,28,0.024488
2019,08,28,0.014496
2019,08,28,0.020147
2019,08,28,0.014183
2019,08,28,0.047535
2019,08,28,0.040582
2019,08,28,0.029771
2019,08,28,0.031269
2019,08,28,0.033710
2019,08,28,0.053462
2019,08,28,0.021662
2019,08,28,0.030766
2019,08,28,0.041192
2019,08,28,0.026323
2019,08,28,0.027702
2019,08,28,0.020733
2019,08,28,0.022648
2019,08,28,0.028694
2019,08,28,0.049067
2019,08,28,0.031986
2019,08,28,0.042529
2019,08,28,0.025883
2019,08,28,0.021176
2019,08,28,0.022202
2019,08,28,0.023585
2019,08,28,0.021315
2019,08,28,0.023735
2019,08,28,0.022662
2019,08,28,0.022551
2019,08,28,0.024909
2019,08,28,0.019373
2019,08,28,0.022726
2019,08,28,0.021617
2019,08,28,0.022743
2019,08,28,0.020838
2019,08,28,0.020982
2019,08,28,0.021049
2019,08,28,0.022737
2019,08,28,0.022402
2019,08,28,0.051430
2019,08,28,0.026748
2019,08,28,0.022777
2019,08,28,0.020880
2019,08,28,0.022696
2019,08,28,0.021520
2019,08,28,0.022800
2019,08,28,0.022523
2019,08,28,0.033843
2019,08,28,0.023164
2019,08,28,0.028520
2019,08,28,0.016604
2019,08,28,0.024799
2019,08,28,0.024761
2019,08,28,0.018339
2019,08,28,0.013237
2019,08,28,0.028702
2019,08,28,0.025131
2019,08,28,0.021221
2019,08,28,0.022670
2019,08,28,0.023368
2019,08,28,0.021349
2019,08,28,0.024582
2019,08,28,0.021220
2019,08,28,0.022699
2019,08,28,0.022706
2019,08,28,0.021080
2019,08,28,0.022538
2019,08,28,0.020807
2019,08,28,0.057918
2019,08,28,0.047575
2019,08,28,0.042333
2019,08,28,0.036481
2019,08,28,0.051997
2019,08,28,0.022061
2019,08,28,0.024752
2019,08,28,0.022796
2019,08,28,0.021303
2019,08,28,0.023119
2019,08,28,0.027243
2019,08,28,0.019323
2019,08,28,0.023106
2019,08,28,0.027648
2019,08,28,0.018677
2019,08,28,0.021070
2019,08,28,0.023874
2019,08,28,0.021545
2019,08,28,0.024190
2019,08,28,0.042418
2019,08,28,0.026434
2019,08,28,0.021697
2019,08,28,0.021843
2019,08,28,0.023806
2019,08,28,0.022576
2019,08,28,0.028275
2019,08,28,0.021947
2019,08,28,0.020725
2019,08,28,0.029509
2019,08,28,0.038636
2019,08,28,0.046535
2019,08,28,0.042605
2019,08,28,0.035082
2019,08,28,0.025757
2019,08,28,0.018092
2019,08,28,0.047287
2019,08,28,0.024708
2019,08,28,0.095149
2019,08,28,0.029723
2019,08,28,0.040250
2019,08,28,0.059116
2019,08,28,0.038829
2019,08,28,0.022512
2019,08,28,0.019754
2019,08,28,0.033199
2019,08,28,0.024387
2019,08,28,0.024537
2019,08,28,0.025994
2019,08,28,0.042468
2019,08,28,0.038602
2019,08,28,0.039791
2019,08,28,0.045061
2019,08,28,0.037611
2019,08,28,0.038202
2019,08,28,0.046922
2019,08,28,0.019982
2019,08,28,0.044784
2019,08,28,0.042071
2019,08,28,0.046909
2019,08,28,0.037998
2019,08,28,0.041408
2019,08,28,0.046248
2019,08,28,0.045519
2019,08,28,0.041086
2019,08,28,0.049918
2019,08,28,0.026457
2019,08,28,0.018310
2019,08,28,0.033521
2019,08,28,0.059685
2019,08,28,0.058721
2019,08,28,0.026604
2019,08,28,0.028391
2019,08,28,0.051217
2019,08,28,0.029966
2019,08,28,0.023248
2019,08,28,0.025631
2019,08,28,0.026151
2019,08,28,0.104373
2019,08,28,0.028310
2019,08,28,0.025210
2019,08,28,0.029668
2019,08,28,0.017541
2019,08,28,0.025881
2019,08,28,0.047302
2019,08,28,0.062702
2019,08,28,0.026257
2019,08,28,0.064149
2019,08,28,0.044223
2019,08,28,0.045511
2019,08,28,0.043400
2019,08,28,0.041070
2019,08,28,0.044696
2019,08,28,0.041960
2019,08,28,0.049507
2019,08,28,0.038290
2019,08,28,0.017452
2019,08,28,0.031523
2019,08,28,0.025478
2019,08,28,0.019431
2019,08,28,0.022869
2019,08,28,0.045135
2019,08,28,0.021335
2019,08,28,0.021067
2019,08,28,0.023065
2019,08,28,0.022468
2019,08,28,0.020984
2019,08,28,0.023173
2019,08,28,0.022825
2019,08,28,0.021138
2019,08,28,0.025319
2019,08,28,0.020848
2019,08,28,0.022900
2019,08,28,0.019898
2019,08,28,0.021220
2019,08,28,0.022518
2019,08,28,0.020831
2019,08,28,0.018575
2019,08,28,0.026647
2019,08,28,0.021596
2019,08,28,0.020161
2019,08,28,0.020592
2019,08,28,0.030605
2019,08,28,0.025780
2019,08,28,0.024706
2019,08,28,0.030494
2019,08,28,0.022403
2019,08,28,0.019723
2019,08,28,0.024199
2019,08,28,0.027281
2019,08,28,0.031450
2019,08,28,0.023011
2019,08,28,0.022291
2019,08,28,0.023202
2019,08,28,0.021118
2019,08,28,0.022050
2019,08,28,0.021735
2019,08,28,0.022420
2019,08,28,0.022722
2019,08,28,0.020848
2019,08,28,0.020896
2019,08,28,0.023389
2019,08,28,0.041308
2019,08,28,0.021325
2019,08,28,0.020735
2019,08,28,0.063937
2019,08,28,0.022298
2019,08,28,0.023560
2019,08,28,0.020789
2019,08,28,0.022576
2019,08,28,0.021007
2019,08,28,0.022538
2019,08,28,0.022974
2019,08,28,0.020577
2019,08,28,0.026888
2019,08,28,0.037044
2019,08,28,0.025231
2019,08,28,0.018528
2019,08,28,0.032989
2019,08,28,0.048042
2019,08,28,0.040631
2019,08,28,0.048205
2019,08,28,0.020499
2019,08,28,0.020751
2019,08,28,0.031873
2019,08,28,0.035094
2019,08,28,0.044718
2019,08,28,0.040968
2019,08,28,0.044588
2019,08,28,0.041862
2019,08,28,0.042445
2019,08,28,0.041946
2019,08,28,0.045689
2019,08,28,0.046419
2019,08,28,0.030219
2019,08,28,0.050739
2019,08,28,0.046566
2019,08,28,0.036646
2019,08,28,0.025431
2019,08,28,0.027453
2019,08,28,0.027728
2019,08,28,0.043803
2019,08,28,0.046493
2019,08,28,0.043232
2019,08,28,0.041165
2019,08,28,0.046606
2019,08,28,0.044086
2019,08,28,0.043124
2019,08,28,0.038662
2019,08,28,0.045566
2019,08,28,0.023882
2019,08,28,0.035262
2019,08,28,0.016150
2019,08,28,0.021300
2019,08,28,0.015689
2019,08,28,0.023172
2019,08,28,0.027092
2019,08,28,0.046493
2019,08,28,0.023950
2019,08,28,0.022281
2019,08,28,0.021116
2019,08,28,0.026161
2019,08,28,0.017628
2019,08,28,0.020843
2019,08,28,0.028961
2019,08,28,0.018945
2019,08,28,0.026017
2019,08,28,0.023658
2019,08,28,0.018922
2019,08,28,0.053389
2019,08,28,0.044898
2019,08,28,0.035546
2019,08,28,0.058481
2019,08,28,0.037775
2019,08,28,0.022955
2019,08,28,0.023669
2019,08,28,0.022783
2019,08,28,0.021141
2019,08,28,0.069179
2019,08,28,0.025038
2019,08,28,0.028601
2019,08,28,0.021948
2019,08,28,0.023880
2019,08,28,0.016447
2019,08,28,0.027547
2019,08,28,0.030037
2019,08,28,0.043396
2019,08,28,0.037778
2019,08,28,0.048890
2019,08,28,0.034960
2019,08,28,0.027558
2019,08,28,0.023086
2019,08,28,0.035186
2019,08,28,0.019561
2019,08,28,0.028063
2019,08,28,0.034394
2019,08,28,0.023462
2019,08,28,0.039647
2019,08,28,0.043489
2019,08,28,0.029337
2019,08,28,0.044723
2019,08,28,0.034345
2019,08,28,0.022415
2019,08,28,0.031192
2019,08,28,0.021024
2019,08,28,0.030671
2019,08,28,0.042099
2019,08,28,0.042776
2019,08,28,0.043998
2019,08,28,0.043992
2019,08,28,0.041680
2019,08,28,0.035450
2019,08,28,0.042727
2019,08,28,0.038175
2019,08,28,0.046053
2019,08,28,0.040872
2019,08,28,0.042965
2019,08,28,0.042762
2019,08,28,0.042186
2019,08,28,0.045762
2019,08,28,0.039328
2019,08,28,0.024561
2019,08,28,0.053093
2019,08,28,0.033484
2019,08,28,0.023591
2019,08,28,0.049861
2019,08,28,0.026906
2019,08,28,0.026042
2019,08,28,0.025342
2019,08,28,0.027526
2019,08,28,0.022467
2019,08,28,0.022108
2019,08,28,0.023199
2019,08,28,0.021922
2019,08,28,0.025474
2019,08,28,0.030885
2019,08,28,0.056335
2019,08,28,0.053256
2019,08,28,0.024314
2019,08,28,0.021603
2019,08,28,0.025862
2019,08,28,0.022449
2019,08,28,0.029374
2019,08,28,0.033097
2019,08,28,0.027624
2019,08,28,0.017362
2019,08,28,0.024896
2019,08,28,0.024882
2019,08,28,0.030392
2019,08,28,0.019993
2019,08,28,0.021961
2019,08,28,0.024276
2019,08,28,0.017682
2019,08,28,0.025748
2019,08,28,0.031582
2019,08,28,0.024258
2019,08,28,0.040137
2019,08,28,0.057640
2019,08,28,0.045429
2019,08,28,0.018935
2019,08,28,0.054503
2019,08,28,0.029117
2019,08,28,0.026808
2019,08,28,0.022205
2019,08,28,0.043677
2019,08,28,0.027936
2019,08,28,0.024975
2019,08,28,0.043482
2019,08,28,0.039430
2019,08,28,0.049766
2019,08,28,0.022837
2019,08,28,0.054480
2019,08,28,0.046808
2019,08,28,0.041675
2019,08,28,0.043230
2019,08,28,0.046808
2019,08,28,0.017220
2019,08,28,0.031510
2019,08,28,0.028775
2019,08,28,0.061557
2019,08,28,0.025363
2019,08,28,0.021725
2019,08,28,0.019618
2019,08,28,0.015345
2019,08,28,0.012859
2019,08,28,0.015730
2019,08,28,0.019740
2019,08,28,0.022604
2019,08,28,0.021259
2019,08,28,0.026590
2019,08,28,0.022113
2019,08,28,0.023137
2019,08,28,0.023119
2019,08,28,0.020485
2019,08,28,0.022814
2019,08,28,0.033438
2019,08,28,0.024655
2019,08,28,0.017877
2019,08,28,0.026572
2019,08,28,0.025203
2019,08,28,0.041344
2019,08,28,0.021551
2019,08,28,0.021109
2019,08,28,0.022566
2019,08,28,0.025869
2019,08,28,0.049000
2019,08,28,0.021190
2019,08,28,0.022857
2019,08,28,0.023180
2019,08,28,0.022741
2019,08,28,0.022258
2019,08,28,0.023413
2019,08,28,0.021522
2019,08,28,0.022733
2019,08,28,0.022656
2019,08,28,0.022538
2019,08,28,0.021524
2019,08,28,0.021262
2019,08,28,0.022528
2019,08,28,0.022570
2019,08,28,0.032605
2019,08,28,0.023356
2019,08,28,0.022965
2019,08,28,0.022764
2019,08,28,0.023954
2019,08,28,0.020992
2019,08,28,0.023104
2019,08,28,0.020710
2019,08,28,0.023091
2019,08,28,0.022167
2019,08,28,0.023129
2019,08,28,0.021226
2019,08,28,0.023165
2019,08,28,0.022528
2019,08,28,0.023410
2019,08,28,0.023344
2019,08,28,0.021083
2019,08,28,0.022532
2019,08,28,0.022992
2019,08,28,0.022869
2019,08,28,0.020722
2019,08,28,0.023644
2019,08,28,0.023417
2019,08,28,0.020846
2019,08,28,0.022572
2019,08,28,0.023190
2019,08,28,0.055110
2019,08,28,0.033762
2019,08,28,0.018134
2019,08,28,0.020860
2019,08,28,0.019336
2019,08,28,0.022697
2019,08,28,0.034076
2019,08,28,0.032362
2019,08,28,0.041284
2019,08,28,0.042569
2019,08,28,0.044930
2019,08,28,0.042313
2019,08,28,0.042414
2019,08,28,0.064106
2019,08,28,0.035447
2019,08,28,0.022737
2019,08,28,0.045133
2019,08,28,0.041434
2019,08,28,0.045914
2019,08,28,0.042318
2019,08,28,0.042631
2019,08,28,0.044488
2019,08,28,0.043491
2019,08,28,0.046565
2019,08,28,0.043207
2019,08,28,0.044714
2019,08,28,0.043953
2019,08,28,0.033857
2019,08,28,0.048548
2019,08,28,0.044487
2019,08,28,0.044815
2019,08,28,0.035328
2019,08,28,0.043152
2019,08,28,0.042394
2019,08,28,0.037133
2019,08,28,0.024249
2019,08,28,0.059251
2019,08,28,0.019879
2019,08,28,0.024901
2019,08,28,0.018603
2019,08,28,0.021247
2019,08,28,0.029888
2019,08,28,0.020905
2019,08,28,0.051615
2019,08,28,0.040174
2019,08,28,0.032595
2019,08,28,0.031745
2019,08,28,0.045987
2019,08,28,0.029893
2019,08,28,0.021572
2019,08,28,0.021639
2019,08,28,0.042639
2019,08,28,0.031559
2019,08,28,0.021648
2019,08,28,0.047634
2019,08,28,0.023482
2019,08,28,0.063184
2019,08,28,0.025895
2019,08,28,0.023333
2019,08,28,0.037672
2019,08,28,0.018429
2019,08,28,0.024712
2019,08,28,0.029255
2019,08,28,0.021488
2019,08,28,0.067881
2019,08,28,0.037861
2019,08,28,0.027674
2019,08,28,0.051702
2019,08,28,0.019545
2019,08,28,0.019999
2019,08,28,0.023952
2019,08,28,0.024216
2019,08,28,0.024868
2019,08,28,0.029466
2019,08,28,0.053167
2019,08,28,0.030814
2019,08,28,0.042659
2019,08,28,0.043444
2019,08,28,0.040734
2019,08,28,0.042853
2019,08,28,0.048170
2019,08,28,0.040658
2019,08,28,0.041899
2019,08,28,0.043829
2019,08,28,0.039555
2019,08,28,0.070999
2019,08,28,0.022410
2019,08,28,0.020806
2019,08,28,0.026017
2019,08,28,0.036698
2019,08,28,0.048931
2019,08,28,0.020808
2019,08,28,0.025171
2019,08,28,0.018206
2019,08,28,0.029665
2019,08,28,0.042744
2019,08,28,0.043434
2019,08,28,0.036799
2019,08,28,0.034427
2019,08,28,0.024086
2019,08,28,0.029552
2019,08,28,0.030218
2019,08,28,0.037875
2019,08,28,0.031107
2019,08,28,0.028660
2019,08,28,0.056125
2019,08,28,0.024519
2019,08,28,0.033122
2019,08,28,0.021718
2019,08,28,0.024305
2019,08,28,0.050142
2019,08,28,0.031791
2019,08,28,0.028108
2019,08,28,0.030472
2019,08,28,0.025417
2019,08,28,0.021565
2019,08,28,0.023161
2019,08,28,0.020427
2019,08,28,0.019656
2019,08,28,0.020742
2019,08,28,0.017198
2019,08,28,0.021286
2019,08,28,0.030028
2019,08,28,0.021667
2019,08,28,0.032998
2019,08,28,0.019024
2019,08,28,0.020893
2019,08,28,0.023685
2019,08,28,0.022793
2019,08,28,0.021108
2019,08,28,0.024413
2019,08,28,0.023328
2019,08,28,0.023790
2019,08,28,0.021552
2019,08,28,0.023135
2019,08,28,0.023020
2019,08,28,0.023138
2019,08,28,0.021282
2019,08,28,0.020510
2019,08,28,0.023168
2019,08,28,0.018429
2019,08,28,0.020462
2019,08,28,0.021279
2019,08,28,0.022556
2019,08,28,0.020966
2019,08,28,0.057611
2019,08,28,0.035289
2019,08,28,0.022108
2019,08,28,0.017809
2019,08,28,0.021015
2019,08,28,0.035215
2019,08,28,0.021887
2019,08,28,0.027116
2019,08,28,0.027040
2019,08,28,0.024755
2019,08,28,0.023657
2019,08,28,0.021353
2019,08,28,0.027156
2019,08,28,0.018841
2019,08,28,0.020971
2019,08,28,0.023173
2019,08,28,0.022331
2019,08,28,0.023353
2019,08,28,0.022752
2019,08,28,0.051838
2019,08,28,0.019046
2019,08,28,0.021150
2019,08,28,0.022936
2019,08,28,0.023896
2019,08,28,0.022990
2019,08,28,0.022248
2019,08,28,0.047223
2019,08,28,0.020965
2019,08,28,0.022797
2019,08,28,0.022718
2019,08,28,0.023063
2019,08,28,0.021097
2019,08,28,0.022959
2019,08,28,0.020818
2019,08,28,0.020894
2019,08,28,0.027749
2019,08,28,0.040324
2019,08,28,0.026679
2019,08,28,0.023244
2019,08,28,0.038622
2019,08,28,0.023330
2019,08,28,0.073019
2019,08,28,0.027151
2019,08,28,0.028414
2019,08,28,0.027702
2019,08,28,0.021071
2019,08,28,0.038662
2019,08,28,0.035490
2019,08,28,0.022111
2019,08,28,0.037752
2019,08,28,0.063466
2019,08,28,0.021687
2019,08,28,0.030920
2019,08,28,0.051988
2019,08,28,0.036591
2019,08,28,0.026049
2019,08,28,0.053702
2019,08,28,0.044022
2019,08,28,0.043670
2019,08,28,0.042980
2019,08,28,0.042842
2019,08,28,0.043805
2019,08,28,0.050493
2019,08,28,0.038424
2019,08,28,0.034997
2019,08,28,0.027475
2019,08,28,0.029891
2019,08,28,0.040628
2019,08,28,0.023088
2019,08,28,0.023170
2019,08,28,0.021329
2019,08,28,0.020794
2019,08,28,0.020514
2019,08,28,0.052298
2019,08,28,0.041049
2019,08,28,0.043565
2019,08,28,0.046050
2019,08,28,0.042131
2019,08,28,0.043978
2019,08,28,0.044125
2019,08,28,0.042381
2019,08,28,0.044596
2019,08,28,0.043196
2019,08,28,0.043733
2019,08,28,0.027674
2019,08,28,0.036442
2019,08,28,0.027428
2019,08,28,0.027986
2019,08,28,0.032447
2019,08,28,0.040750
2019,08,28,0.041602
2019,08,28,0.039835
2019,08,28,0.042967
2019,08,28,0.039176
2019,08,28,0.023855
2019,08,28,0.022490
2019,08,28,0.040378
2019,08,28,0.042062
2019,08,28,0.048504
2019,08,28,0.040123
2019,08,28,0.036979
2019,08,28,0.041763
2019,08,28,0.018285
2019,08,28,0.036541
2019,08,28,0.023218
2019,08,28,0.021599
2019,08,28,0.016700
2019,08,28,0.023009
2019,08,28,0.022795
2019,08,28,0.019582
2019,08,28,0.024620
2019,08,28,0.045011
2019,08,28,0.028877
2019,08,28,0.041813
2019,08,28,0.022595
2019,08,28,0.049334
2019,08,28,0.023941
2019,08,28,0.021861
2019,08,28,0.019415
2019,08,28,0.029764
2019,08,28,0.023298
2019,08,28,0.017238
2019,08,28,0.022572
2019,08,28,0.021368
2019,08,28,0.024513
2019,08,28,0.024671
2019,08,28,0.018000
2019,08,28,0.024469
2019,08,28,0.019482
2019,08,28,0.023500
2019,08,28,0.025946
2019,08,28,0.019071
2019,08,28,0.021022
2019,08,28,0.025061
2019,08,28,0.024828
2019,08,28,0.025079
2019,08,28,0.021953
2019,08,28,0.023701
2019,08,28,0.021181
2019,08,28,0.025073
2019,08,28,0.020868
2019,08,28,0.022960
2019,08,28,0.023366
2019,08,28,0.022777
2019,08,28,0.022694
2019,08,28,0.022856
2019,08,28,0.021175
2019,08,28,0.022207
2019,08,28,0.020982
2019,08,28,0.020828
2019,08,28,0.023798
2019,08,28,0.022849
2019,08,28,0.021100
2019,08,28,0.022740
2019,08,28,0.022446
2019,08,28,0.022787
2019,08,28,0.020938
2019,08,28,0.037722
2019,08,28,0.035582
2019,08,28,0.027139
2019,08,28,0.021185
2019,08,28,0.021135
2019,08,28,0.021239
2019,08,28,0.023625
2019,08,28,0.023085
2019,08,28,0.020880
2019,08,28,0.022950
2019,08,28,0.022179
2019,08,28,0.022789
2019,08,28,0.021188
2019,08,28,0.023811
2019,08,28,0.022252
2019,08,28,0.020677
2019,08,28,0.023107
2019,08,28,0.021234
2019,08,28,0.022856
2019,08,28,0.022748
2019,08,28,0.021423
2019,08,28,0.032378
2019,08,28,0.021831
2019,08,28,0.022194
2019,08,28,0.023302
2019,08,28,0.020883
2019,08,28,0.022529
2019,08,28,0.022997
2019,08,28,0.020895
2019,08,28,0.023642
2019,08,28,0.022762
2019,08,28,0.020905
2019,08,28,0.022390
2019,08,28,0.022783
2019,08,28,0.021193
2019,08,28,0.023367
2019,08,28,0.022018
2019,08,28,0.020876
2019,08,28,0.022529
2019,08,28,0.020847
2019,08,28,0.023440
2019,08,28,0.025890
2019,08,28,0.020483
2019,08,28,0.021106
2019,08,28,0.022014
2019,08,28,0.022832
2019,08,28,0.020914
2019,08,28,0.020741
2019,08,28,0.022577
2019,08,28,0.022909
2019,08,28,0.021089
2019,08,28,0.024759
2019,08,28,0.021493
2019,08,28,0.022382
2019,08,28,0.022857
2019,08,28,0.020827
2019,08,28,0.022283
2019,08,28,0.023107
2019,08,28,0.020980
2019,08,28,0.023071
2019,08,28,0.023533
2019,08,28,0.020878
2019,08,28,0.029790
2019,08,28,0.021138
2019,08,28,0.020246
2019,08,28,0.034622
2019,08,28,0.024851
2019,08,28,0.019662
2019,08,28,0.029275
2019,08,28,0.027146
2019,08,28,0.021064
2019,08,28,0.054608
2019,08,28,0.057666
2019,08,28,0.027033
2019,08,28,0.029147
2019,08,28,0.050871
2019,08,28,0.058029
2019,08,28,0.017906
2019,08,28,0.027603
2019,08,28,0.044394
2019,08,28,0.044611
2019,08,28,0.040658
2019,08,28,0.043739
2019,08,28,0.043376
2019,08,28,0.046237
2019,08,28,0.030207
2019,08,28,0.020374
2019,08,28,0.029633
2019,08,28,0.046865
2019,08,28,0.022408
2019,08,28,0.023681
2019,08,28,0.013673
2019,08,28,0.019884
2019,08,28,0.018424
2019,08,28,0.035639
2019,08,28,0.022678
2019,08,28,0.019149
2019,08,28,0.023012
2019,08,28,0.020888
2019,08,28,0.020810
2019,08,28,0.029163
2019,08,28,0.021753
2019,08,28,0.021226
2019,08,28,0.024861
2019,08,28,0.021006
2019,08,28,0.020963
2019,08,28,0.020459
2019,08,28,0.022867
2019,08,28,0.021009
2019,08,28,0.022298
2019,08,28,0.021114
2019,08,28,0.023561
2019,08,28,0.021348
2019,08,28,0.023652
2019,08,28,0.021215
2019,08,28,0.033355
2019,08,28,0.022006
2019,08,28,0.022513
2019,08,28,0.021083
2019,08,28,0.023667
2019,08,28,0.025980
2019,08,28,0.020395
2019,08,28,0.020812
2019,08,28,0.026311
2019,08,28,0.029871
2019,08,28,0.018363
2019,08,28,0.020781
2019,08,28,0.033981
2019,08,28,0.021109
2019,08,28,0.020937
2019,08,28,0.024806
2019,08,28,0.020937
2019,08,28,0.022233
2019,08,28,0.021000
2019,08,28,0.023051
2019,08,28,0.020926
2019,08,28,0.023723
2019,08,28,0.021128
2019,08,28,0.021180
2019,08,28,0.020918
2019,08,28,0.023106
2019,08,28,0.021039
2019,08,28,0.023362
2019,08,28,0.022463
2019,08,28,0.022322
2019,08,28,0.021019
2019,08,28,0.033131
2019,08,28,0.024642
2019,08,28,0.021003
2019,08,28,0.020780
2019,08,28,0.023265
2019,08,28,0.020933
2019,08,28,0.020214
2019,08,28,0.022568
2019,08,28,0.023830
2019,08,28,0.023805
2019,08,28,0.020739
2019,08,28,0.022755
2019,08,28,0.023073
2019,08,28,0.021184
2019,08,28,0.021169
2019,08,28,0.023381
2019,08,28,0.021285
2019,08,28,0.023219
2019,08,28,0.021189
2019,08,28,0.023102
2019,08,28,0.022752
2019,08,28,0.023761
2019,08,28,0.022138
2019,08,28,0.024225
2019,08,28,0.020964
2019,08,28,0.023386
2019,08,28,0.021084
2019,08,28,0.023435
2019,08,28,0.020884
2019,08,28,0.020729
2019,08,28,0.023656
2019,08,28,0.023351
2019,08,28,0.022199
2019,08,28,0.020332
2019,08,28,0.023406
2019,08,28,0.021063
2019,08,28,0.023442
2019,08,28,0.022990
2019,08,28,0.021021
2019,08,28,0.022335
2019,08,28,0.022677
2019,08,28,0.021151
2019,08,28,0.022802
2019,08,28,0.022615
2019,08,28,0.022903
2019,08,28,0.021161
2019,08,28,0.023278
2019,08,28,0.022266
2019,08,28,0.021003
2019,08,28,0.021731
2019,08,28,0.020894
2019,08,28,0.021783
2019,08,28,0.021185
2019,08,28,0.022482
2019,08,28,0.027254
2019,08,28,0.026035
2019,08,28,0.021212
2019,08,28,0.022918
2019,08,28,0.023626
2019,08,28,0.022137
2019,08,28,0.021062
2019,08,28,0.020958
2019,08,28,0.020804
2019,08,28,0.045906
2019,08,28,0.044513
2019,08,28,0.046995
2019,08,28,0.026215
2019,08,28,0.031528
2019,08,28,0.031720
2019,08,28,0.020285
2019,08,28,0.027101
2019,08,28,0.054812
2019,08,28,0.052178
2019,08,28,0.033712
2019,08,28,0.051395
2019,08,28,0.044085
2019,08,28,0.045807
2019,08,28,0.041838
2019,08,28,0.040173
2019,08,28,0.041890
2019,08,28,0.043603
2019,08,28,0.041148
2019,08,28,0.054074
2019,08,28,0.038664
2019,08,28,0.020333
2019,08,28,0.040844
2019,08,28,0.044693
2019,08,28,0.051180
2019,08,28,0.043187
2019,08,28,0.040240
2019,08,28,0.045080
2019,08,28,0.021025
2019,08,28,0.023426
2019,08,28,0.023411
2019,08,28,0.023444
2019,08,28,0.023908
2019,08,28,0.021843
2019,08,28,0.027139
2019,08,28,0.023334
2019,08,28,0.035936
2019,08,28,0.034006
2019,08,28,0.032398
2019,08,28,0.020731
2019,08,28,0.036882
2019,08,28,0.018775
2019,08,28,0.043373
2019,08,28,0.050911
2019,08,28,0.019233
2019,08,28,0.026559
2019,08,28,0.040415
2019,08,28,0.044886
2019,08,28,0.047278
2019,08,28,0.051306
2019,08,28,0.044841
2019,08,28,0.044734
2019,08,28,0.040033
2019,08,28,0.046031
2019,08,28,0.045479
2019,08,28,0.049948
2019,08,28,0.051058
2019,08,28,0.043964
2019,08,28,0.043859
2019,08,28,0.055121
2019,08,28,0.047600
2019,08,28,0.026152
2019,08,28,0.028416
2019,08,28,0.032057
2019,08,28,0.023761
2019,08,28,0.023585
2019,08,28,0.023272
2019,08,28,0.024064
2019,08,28,0.022853
2019,08,28,0.061380
2019,08,28,0.049272
2019,08,28,0.025023
2019,08,28,0.027037
2019,08,28,0.042927
2019,08,28,0.039768
2019,08,28,0.093703
2019,08,28,0.028017
2019,08,28,0.021475
2019,08,28,0.022259
2019,08,28,0.020982
2019,08,28,0.023691
2019,08,28,0.020788
2019,08,28,0.022536
2019,08,28,0.023163
2019,08,28,0.020968
2019,08,28,0.022220
2019,08,28,0.021084
2019,08,28,0.022181
2019,08,28,0.022273
2019,08,28,0.020682
2019,08,28,0.020550
2019,08,28,0.020648
2019,08,28,0.023361
2019,08,28,0.020632
2019,08,28,0.023137
2019,08,28,0.020982
2019,08,28,0.020605
2019,08,28,0.020528
2019,08,28,0.021802
2019,08,28,0.020317
2019,08,28,0.020915
2019,08,28,0.026801
2019,08,28,0.020335
2019,08,28,0.020707
2019,08,28,0.022665
2019,08,28,0.020571
2019,08,28,0.016998
2019,08,28,0.023074
2019,08,28,0.031655
2019,08,28,0.020708
2019,08,28,0.023668
2019,08,28,0.019716
2019,08,28,0.020687
2019,08,28,0.020347
2019,08,28,0.023469
2019,08,28,0.024593
2019,08,28,0.019980
2019,08,28,0.023844
2019,08,28,0.020786
2019,08,28,0.022518
2019,08,28,0.022656
2019,08,28,0.020772
2019,08,28,0.022787
2019,08,28,0.023556
2019,08,28,0.021098
2019,08,28,0.023181
2019,08,28,0.023820
2019,08,28,0.020782
2019,08,28,0.023469
2019,08,28,0.020697
2019,08,28,0.020492
2019,08,28,0.020744
2019,08,28,0.022312
2019,08,28,0.022734
2019,08,28,0.022495
2019,08,28,0.020585
2019,08,28,0.020830
2019,08,28,0.024028
2019,08,28,0.020962
2019,08,28,0.023253
2019,08,28,0.023077
2019,08,28,0.020722
2019,08,28,0.020505
2019,08,28,0.020330
2019,08,28,0.023161
2019,08,28,0.020685
2019,08,28,0.023538
2019,08,28,0.023719
2019,08,28,0.021138
2019,08,28,0.022582
2019,08,28,0.022562
2019,08,28,0.022824
2019,08,28,0.021022
2019,08,28,0.021358
2019,08,28,0.020611
2019,08,28,0.023190
2019,08,28,0.022433
2019,08,28,0.021071
2019,08,28,0.022848
2019,08,28,0.020652
2019,08,28,0.022298
2019,08,28,0.022483
2019,08,28,0.020866
2019,08,28,0.022400
2019,08,28,0.023841
2019,08,28,0.023912
2019,08,28,0.023450
2019,08,28,0.020882
2019,08,28,0.022608
2019,08,28,0.023725
2019,08,28,0.018808
2019,08,28,0.022995
2019,08,28,0.020781
2019,08,28,0.022360
2019,08,28,0.020402
2019,08,28,0.023244
2019,08,28,0.022163
2019,08,28,0.023673
2019,08,28,0.031343
2019,08,28,0.022628
2019,08,28,0.022421
2019,08,28,0.020839
2019,08,28,0.020855
2019,08,28,0.022850
2019,08,28,0.021002
2019,08,28,0.022854
2019,08,28,0.023722
2019,08,28,0.022662
2019,08,28,0.023393
2019,08,28,0.020948
2019,08,28,0.022434
2019,08,28,0.022930
2019,08,28,0.024392
2019,08,28,0.021797
2019,08,28,0.022461
2019,08,28,0.020806
2019,08,28,0.023343
2019,08,28,0.022525
2019,08,28,0.028632
2019,08,28,0.044362
2019,08,28,0.024857
2019,08,28,0.022837
2019,08,28,0.022189
2019,08,28,0.022605
2019,08,28,0.020725
2019,08,28,0.023477
2019,08,28,0.022682
2019,08,28,0.045045
2019,08,28,0.034013
2019,08,28,0.026633
2019,08,28,0.020944
2019,08,28,0.024152
2019,08,28,0.021639
2019,08,28,0.023280
2019,08,28,0.022471
2019,08,28,0.021085
2019,08,28,0.023135
2019,08,28,0.022645
2019,08,28,0.026457
2019,08,28,0.022789
2019,08,28,0.022739
2019,08,28,0.021102
2019,08,28,0.022534
2019,08,28,0.024609
2019,08,28,0.022150
2019,08,28,0.021123
2019,08,28,0.022287
2019,08,28,0.023495
2019,08,28,0.022479
2019,08,28,0.021257
2019,08,28,0.020531
2019,08,28,0.022897
2019,08,28,0.022745
2019,08,28,0.023139
2019,08,28,0.020553
2019,08,28,0.024324
2019,08,28,0.020649
2019,08,28,0.023285
2019,08,28,0.020690
2019,08,28,0.022795
2019,08,28,0.022823
2019,08,28,0.022951
2019,08,28,0.022321
2019,08,28,0.032079
2019,08,28,0.020392
2019,08,28,0.020903
2019,08,28,0.022359
2019,08,28,0.046630
2019,08,28,0.024307
2019,08,28,0.023515
2019,08,28,0.022793
2019,08,28,0.022542
2019,08,28,0.024405
2019,08,28,0.015945
2019,08,28,0.024509
2019,08,28,0.021850
2019,08,28,0.025148
2019,08,28,0.047200
2019,08,28,0.033938
2019,08,28,0.025250
2019,08,28,0.032147
2019,08,28,0.025249
2019,08,28,0.025850
2019,08,28,0.024381
2019,08,28,0.020976
2019,08,28,0.022720
2019,08,28,0.023510
2019,08,28,0.023300
2019,08,28,0.022309
2019,08,28,0.023694
2019,08,28,0.021004
2019,08,28,0.022856
2019,08,28,0.023498
2019,08,28,0.022808
2019,08,28,0.021107
2019,08,28,0.022040
2019,08,28,0.022798
2019,08,28,0.022364
2019,08,28,0.023195
2019,08,28,0.022561
2019,08,28,0.119010
2019,08,28,0.069724
2019,08,28,0.022021
2019,08,28,0.023363
2019,08,28,0.047059
2019,08,28,0.023252
2019,08,28,0.023579
2019,08,28,0.021945
2019,08,28,0.023084
2019,08,28,0.033753
2019,08,28,0.023022
2019,08,28,0.022624
2019,08,28,0.023004
2019,08,28,0.023950
2019,08,28,0.023342
2019,08,28,0.023304
2019,08,28,0.022852
2019,08,28,0.022611
2019,08,28,0.021818
2019,08,28,0.017372
2019,08,28,0.031940
2019,08,28,0.026816
2019,08,28,0.024549
2019,08,28,0.022838
2019,08,28,0.021197
2019,08,28,0.024386
2019,08,28,0.019719
2019,08,28,0.022879
2019,08,28,0.023842
2019,08,28,0.021192
2019,08,28,0.020925
2019,08,28,0.022182
2019,08,28,0.018044
2019,08,28,0.024677
2019,08,28,0.022497
2019,08,28,0.043506
2019,08,28,0.020448
2019,08,28,0.021110
2019,08,28,0.022183
2019,08,28,0.020926
2019,08,28,0.022894
2019,08,28,0.025788
2019,08,28,0.022078
2019,08,28,0.046919
2019,08,28,0.035676
2019,08,28,0.025293
2019,08,28,0.034521
2019,08,28,0.018730
2019,08,28,0.029787
2019,08,28,0.032874
2019,08,28,0.032042
2019,08,28,0.045718
2019,08,28,0.040396
2019,08,28,0.020452
2019,08,28,0.033911
2019,08,28,0.024495
2019,08,28,0.023608
2019,08,28,0.014839
2019,08,28,0.016232
2019,08,28,0.013531
2019,08,28,0.031753
2019,08,28,0.037126
2019,08,28,0.042428
2019,08,28,0.040371
2019,08,28,0.041428
2019,08,28,0.019713
2019,08,28,0.023365
2019,08,28,0.024823
2019,08,28,0.036632
2019,08,28,0.022842
2019,08,28,0.019482
2019,08,28,0.032141
2019,08,28,0.028355
2019,08,28,0.026569
2019,08,28,0.022672
2019,08,28,0.018839
2019,08,28,0.031282
2019,08,28,0.023800
2019,08,28,0.053483
2019,08,28,0.034814
2019,08,28,0.025495
2019,08,28,0.036979
2019,08,28,0.024930
2019,08,28,0.022372
2019,08,28,0.019431
2019,08,28,0.022668
2019,08,28,0.055587
2019,08,28,0.040740
2019,08,28,0.019507
2019,08,28,0.036555
2019,08,28,0.033423
2019,08,28,0.023282
2019,08,28,0.024005
2019,08,28,0.021737
2019,08,28,0.020778
2019,08,28,0.022518
2019,08,28,0.013716
2019,08,28,0.014782
2019,08,28,0.013606
2019,08,28,0.014665
2019,08,28,0.027077
2019,08,28,0.029906
2019,08,28,0.018999
2019,08,28,0.022558
2019,08,28,0.022539
2019,08,28,0.022258
2019,08,28,0.022223
2019,08,28,0.027364
2019,08,28,0.017106
2019,08,28,0.021183
2019,08,28,0.025976
2019,08,28,0.018370
2019,08,28,0.022572
2019,08,28,0.022993
2019,08,28,0.025950
2019,08,28,0.020727
2019,08,28,0.019688
2019,08,28,0.021995
2019,08,28,0.020678
2019,08,28,0.021429
2019,08,28,0.017457
2019,08,28,0.024116
2019,08,28,0.022395
2019,08,28,0.021913
2019,08,28,0.022143
2019,08,28,0.022560
2019,08,28,0.019748
2019,08,28,0.022821
2019,08,28,0.030445
2019,08,28,0.038752
2019,08,28,0.032082
2019,08,28,0.025621
2019,08,28,0.031668
2019,08,28,0.033270
2019,08,28,0.021371
2019,08,28,0.022634
2019,08,28,0.031813
2019,08,28,0.046223
2019,08,28,0.041018
2019,08,28,0.035435
2019,08,28,0.024168
2019,08,28,0.029164
2019,08,28,0.044590
2019,08,28,0.023353
2019,08,28,0.026450
2019,08,28,0.047563
2019,08,28,0.024771
2019,08,28,0.019674
2019,08,28,0.043549
2019,08,28,0.029513
2019,08,28,0.018795
2019,08,28,0.021570
2019,08,28,0.057204
2019,08,28,0.043428
2019,08,28,0.044106
2019,08,28,0.044051
2019,08,28,0.044056
2019,08,28,0.043853
2019,08,28,0.040428
2019,08,28,0.045164
2019,08,28,0.041204
2019,08,28,0.040204
2019,08,28,0.038831
2019,08,28,0.037869
2019,08,28,0.050419
2019,08,28,0.035669
2019,08,28,0.040804
2019,08,28,0.040669
2019,08,28,0.044576
2019,08,28,0.045413
2019,08,28,0.038762
2019,08,28,0.045186
2019,08,28,0.040996
2019,08,28,0.044855
2019,08,28,0.039262
2019,08,28,0.039610
2019,08,28,0.039000
2019,08,28,0.046206
2019,08,28,0.042793
2019,08,28,0.045428
2019,08,28,0.026256
2019,08,28,0.050291
2019,08,28,0.023700
2019,08,28,0.030043
2019,08,28,0.030077
2019,08,28,0.058628
2019,08,28,0.052785
2019,08,28,0.044528
2019,08,28,0.043041
2019,08,28,0.045542
2019,08,28,0.050944
2019,08,28,0.044245
2019,08,28,0.045029
2019,08,28,0.042663
2019,08,28,0.040974
2019,08,28,0.022912
2019,08,28,0.060039
2019,08,28,0.042486
2019,08,28,0.044747
2019,08,28,0.046414
2019,08,28,0.035502
2019,08,28,0.039577
2019,08,28,0.037576
2019,08,28,0.044399
2019,08,28,0.029438
2019,08,28,0.028702
2019,08,28,0.030375
2019,08,28,0.021594
2019,08,28,0.022917
2019,08,28,0.025819
2019,08,28,0.032598
2019,08,28,0.031358
2019,08,28,0.017788
2019,08,28,0.033117
2019,08,28,0.032919
2019,08,28,0.030644
2019,08,28,0.021769
2019,08,28,0.023393
2019,08,28,0.025656
2019,08,28,0.046745
2019,08,28,0.028845
2019,08,28,0.028162
2019,08,28,0.017640
2019,08,28,0.038014
2019,08,28,0.030972
2019,08,28,0.025557
2019,08,28,0.033832
2019,08,28,0.029212
2019,08,28,0.033931
2019,08,28,0.030589
2019,08,28,0.024416
2019,08,28,0.029067
2019,08,28,0.031778
2019,08,28,0.040512
2019,08,28,0.043187
2019,08,28,0.043933
2019,08,28,0.041230
2019,08,28,0.037462
2019,08,28,0.034418
2019,08,28,0.026733
2019,08,28,0.032136
2019,08,28,0.038280
2019,08,28,0.053532
2019,08,28,0.027273
2019,08,28,0.027468
2019,08,28,0.030618
2019,08,28,0.041034
2019,08,28,0.043931
2019,08,28,0.041501
2019,08,28,0.041805
2019,08,28,0.033280
2019,08,28,0.026373
2019,08,28,0.027569
2019,08,28,0.020791
2019,08,28,0.029098
2019,08,28,0.036634
2019,08,28,0.033729
2019,08,28,0.025011
2019,08,28,0.028776
2019,08,28,0.035822
2019,08,28,0.060636
2019,08,28,0.038888
2019,08,28,0.054776
2019,08,28,0.030170
2019,08,28,0.047608
2019,08,28,0.028460
2019,08,28,0.024505
2019,08,28,0.027960
2019,08,28,0.051863
2019,08,28,0.067385
2019,08,28,0.049533
2019,08,28,0.035915
2019,08,28,0.030811
2019,08,28,0.043652
2019,08,28,0.039729
2019,08,28,0.040910
2019,08,28,0.047180
2019,08,28,0.028848
2019,08,28,0.029663
2019,08,28,0.027084
2019,08,28,0.019361
2019,08,28,0.045444
2019,08,28,0.055380
2019,08,28,0.027886
2019,08,28,0.060295
2019,08,28,0.035140
2019,08,28,0.031751
2019,08,28,0.045062
2019,08,28,0.069266
2019,08,28,0.050663
2019,08,28,0.037677
2019,08,28,0.031326
2019,08,28,0.025693
2019,08,28,0.028710
2019,08,28,0.021547
2019,08,28,0.024082
2019,08,28,0.021415
2019,08,28,0.028050
2019,08,28,0.037058
2019,08,28,0.042262
2019,08,28,0.046572
2019,08,28,0.041412
2019,08,28,0.037688
2019,08,28,0.041474
2019,08,28,0.042458
2019,08,28,0.037845
2019,08,28,0.040517
2019,08,28,0.041645
2019,08,28,0.042370
2019,08,28,0.043401
2019,08,28,0.045972
2019,08,28,0.024382
2019,08,28,0.025482
2019,08,28,0.051057
2019,08,28,0.027333
2019,08,28,0.022784
2019,08,28,0.050803
2019,08,28,0.049183
2019,08,28,0.080560
2019,08,28,0.054374
2019,08,28,0.039980
2019,08,28,0.030295
2019,08,28,0.029978
2019,08,28,0.014730
2019,08,28,0.021237
2019,08,28,0.021326
2019,08,28,0.035446
2019,08,28,0.042053
2019,08,28,0.041507
2019,08,28,0.036650
2019,08,28,0.045030
2019,08,28,0.022685
2019,08,28,0.021801
2019,08,28,0.034252
2019,08,28,0.021852
2019,08,28,0.020947
2019,08,28,0.024317
2019,08,28,0.041418
2019,08,28,0.043717
2019,08,28,0.036000
2019,08,28,0.017936
2019,08,28,0.040368
2019,08,28,0.027114
2019,08,28,0.040922
2019,08,28,0.027837
2019,08,28,0.029342
2019,08,28,0.033340
2019,08,28,0.033306
2019,08,28,0.017998
2019,08,28,0.029898
2019,08,28,0.029187
2019,08,28,0.034211
2019,08,28,0.030251
2019,08,28,0.039881
2019,08,28,0.020131
2019,08,28,0.032359
2019,08,28,0.031621
2019,08,28,0.016708
2019,08,28,0.013642
2019,08,28,0.025102
2019,08,28,0.039574
2019,08,28,0.028987
2019,08,28,0.032512
2019,08,28,0.034727
2019,08,28,0.040128
2019,08,28,0.025458
2019,08,28,0.146658
2019,08,28,0.052422
2019,08,28,0.024011
2019,08,28,0.029752
2019,08,28,0.114702
2019,08,28,0.023522
2019,08,28,0.024505
2019,08,28,0.022631
2019,08,28,0.031013
2019,08,28,0.022267
2019,08,28,0.028880
2019,08,28,0.053169
2019,08,28,0.016470
2019,08,28,0.029110
2019,08,28,0.022347
2019,08,28,0.021063
2019,08,28,0.024372
2019,08,28,0.028853
2019,08,28,0.032566
2019,08,28,0.020864
2019,08,28,0.033171
2019,08,28,0.021916
2019,08,28,0.028799
2019,08,28,0.027897
2019,08,28,0.036558
2019,08,28,0.026195
2019,08,28,0.033732
2019,08,28,0.022095
2019,08,28,0.021401
2019,08,28,0.019836
2019,08,28,0.038391
2019,08,28,0.041824
2019,08,28,0.041905
2019,08,28,0.031577
2019,08,28,0.029563
2019,08,28,0.030161
2019,08,28,0.029673
2019,08,28,0.024623
2019,08,28,0.027579
2019,08,28,0.046443
2019,08,28,0.043791
2019,08,28,0.036196
2019,08,28,0.029560
2019,08,28,0.029632
2019,08,28,0.050963
2019,08,28,0.031207
2019,08,28,0.029949
2019,08,28,0.046920
2019,08,28,0.033155
2019,08,28,0.027858
2019,08,28,0.040093
2019,08,28,0.051083
2019,08,28,0.030772
2019,08,28,0.025003
2019,08,28,0.017902
2019,08,28,0.041947
2019,08,28,0.041707
2019,08,28,0.034646
2019,08,28,0.025734
2019,08,28,0.037915
2019,08,28,0.021034
2019,08,28,0.039122
2019,08,28,0.021915
2019,08,28,0.022120
2019,08,28,0.023287
2019,08,28,0.032119
2019,08,28,0.019622
2019,08,28,0.016593
2019,08,28,0.027074
2019,08,28,0.022855
2019,08,28,0.027384
2019,08,28,0.049739
2019,08,28,0.045279
2019,08,28,0.045172
2019,08,28,0.034372
2019,08,28,0.017242
2019,08,28,0.044109
2019,08,28,0.024215
2019,08,28,0.029905
2019,08,28,0.030438
2019,08,28,0.044725
2019,08,28,0.021788
2019,08,28,0.022437
2019,08,28,0.020871
2019,08,28,0.023162
2019,08,28,0.023040
2019,08,28,0.022298
2019,08,28,0.022550
2019,08,28,0.021003
2019,08,28,0.022519
2019,08,28,0.019496
2019,08,28,0.023527
2019,08,28,0.021046
2019,08,28,0.023550
2019,08,28,0.020815
2019,08,28,0.020540
2019,08,28,0.022463
2019,08,28,0.020973
2019,08,28,0.022681
2019,08,28,0.022486
2019,08,28,0.023244
2019,08,28,0.022340
2019,08,28,0.023756
2019,08,28,0.022179
2019,08,28,0.023282
2019,08,28,0.021247
2019,08,28,0.020747
2019,08,28,0.021055
2019,08,28,0.024499
2019,08,28,0.021151
2019,08,28,0.022869
2019,08,28,0.022753
2019,08,28,0.022565
2019,08,28,0.021143
2019,08,28,0.039801
2019,08,28,0.025907
2019,08,28,0.021336
2019,08,28,0.023076
2019,08,28,0.021132
2019,08,28,0.020584
2019,08,28,0.020905
2019,08,28,0.022517
2019,08,28,0.024007
2019,08,28,0.022313
2019,08,28,0.031563
2019,08,28,0.022703
2019,08,28,0.022681
2019,08,28,0.022378
2019,08,28,0.022375
2019,08,28,0.033813
2019,08,28,0.020397
2019,08,28,0.036844
2019,08,28,0.046073
2019,08,28,0.049750
2019,08,28,0.022776
2019,08,28,0.035998
2019,08,28,0.023264
2019,08,28,0.040600
2019,08,28,0.021839
2019,08,28,0.040471
2019,08,28,0.021489
2019,08,28,0.030032
2019,08,28,0.026297
2019,08,28,0.023748
2019,08,28,0.022172
2019,08,28,0.043712
2019,08,28,0.039931
2019,08,28,0.044064
2019,08,28,0.041564
2019,08,28,0.044455
2019,08,28,0.044348
2019,08,28,0.041116
2019,08,28,0.048576
2019,08,28,0.024190
2019,08,28,0.032492
2019,08,28,0.033271
2019,08,28,0.034958
2019,08,28,0.043195
2019,08,28,0.045171
2019,08,28,0.042772
2019,08,28,0.023258
2019,08,28,0.031093
2019,08,28,0.024704
2019,08,28,0.021526
2019,08,28,0.034666
2019,08,28,0.046424
2019,08,28,0.042814
2019,08,28,0.046364
2019,08,28,0.042753
2019,08,28,0.041932
2019,08,28,0.042611
2019,08,28,0.027340
2019,08,28,0.026628
2019,08,28,0.051605
2019,08,28,0.044991
2019,08,28,0.041082
2019,08,28,0.035563
2019,08,28,0.022722
2019,08,28,0.023366
2019,08,28,0.052539
2019,08,28,0.050160
2019,08,28,0.039657
2019,08,28,0.033949
2019,08,28,0.023918
2019,08,28,0.021207
2019,08,28,0.047120
2019,08,28,0.023315
2019,08,28,0.020498
2019,08,28,0.022836
2019,08,28,0.020876
2019,08,28,0.019834
2019,08,28,0.022676
2019,08,28,0.022803
2019,08,28,0.020645
2019,08,28,0.018630
2019,08,28,0.022186
2019,08,28,0.021064
2019,08,28,0.023926
2019,08,28,0.022422
2019,08,28,0.021077
2019,08,28,0.020616
2019,08,28,0.020694
2019,08,28,0.023521
2019,08,28,0.021009
2019,08,28,0.022482
2019,08,28,0.022655
2019,08,28,0.022873
2019,08,28,0.023867
2019,08,28,0.021123
2019,08,28,0.022474
2019,08,28,0.024404
2019,08,28,0.021195
2019,08,28,0.018591
2019,08,28,0.020952
2019,08,28,0.020012
2019,08,28,0.022568
2019,08,28,0.022380
2019,08,28,0.023603
2019,08,28,0.031789
2019,08,28,0.023311
2019,08,28,0.033246
2019,08,28,0.023589
2019,08,28,0.022832
2019,08,28,0.031806
2019,08,28,0.022698
2019,08,28,0.019544
2019,08,28,0.022102
2019,08,28,0.020714
2019,08,28,0.023382
2019,08,28,0.023660
2019,08,28,0.023772
2019,08,28,0.021053
2019,08,28,0.021051
2019,08,28,0.020698
2019,08,28,0.023393
2019,08,28,0.022902
2019,08,28,0.024014
2019,08,28,0.020868
2019,08,28,0.023096
2019,08,28,0.022422
2019,08,28,0.020807
2019,08,28,0.023500
2019,08,28,0.020907
2019,08,28,0.023621
2019,08,28,0.023462
2019,08,28,0.020894
2019,08,28,0.022379
2019,08,28,0.022691
2019,08,28,0.021237
2019,08,28,0.023592
2019,08,28,0.022231
2019,08,28,0.021166
2019,08,28,0.023539
2019,08,28,0.023379
2019,08,28,0.020854
2019,08,28,0.023836
2019,08,28,0.022623
2019,08,28,0.025959
2019,08,28,0.019784
2019,08,28,0.021018
2019,08,28,0.020674
2019,08,28,0.023353
2019,08,28,0.023290
2019,08,28,0.022155
2019,08,28,0.020967
2019,08,28,0.023094
2019,08,28,0.024359
2019,08,28,0.021047
2019,08,28,0.024108
2019,08,28,0.022910
2019,08,28,0.022476
2019,08,28,0.021212
2019,08,28,0.020888
2019,08,28,0.022297
2019,08,28,0.021079
2019,08,28,0.022843
2019,08,28,0.022410
2019,08,28,0.021325
2019,08,28,0.022756
2019,08,28,0.024226
2019,08,28,0.020871
2019,08,28,0.022543
2019,08,28,0.031602
2019,08,28,0.025643
2019,08,28,0.043247
2019,08,28,0.024372
2019,08,28,0.039443
2019,08,28,0.023196
2019,08,28,0.022458
2019,08,28,0.032152
2019,08,28,0.018966
2019,08,28,0.012675
2019,08,28,0.019866
2019,08,28,0.019930
2019,08,28,0.025181
2019,08,28,0.033628
2019,08,28,0.025913
2019,08,28,0.021164
2019,08,28,0.022861
2019,08,28,0.022070
2019,08,28,0.022080
2019,08,28,0.031801
2019,08,28,0.022793
2019,08,28,0.022935
2019,08,28,0.021044
2019,08,28,0.023425
2019,08,28,0.022503
2019,08,28,0.021594
2019,08,28,0.022136
2019,08,28,0.022117
2019,08,28,0.020662
2019,08,28,0.023896
2019,08,28,0.022747
2019,08,28,0.021126
2019,08,28,0.023211
2019,08,28,0.020928
2019,08,28,0.023057
2019,08,28,0.020887
2019,08,28,0.022660
2019,08,28,0.022344
2019,08,28,0.022766
2019,08,28,0.020941
2019,08,28,0.022233
2019,08,28,0.020581
2019,08,28,0.022537
2019,08,28,0.022432
2019,08,28,0.024811
2019,08,28,0.022822
2019,08,28,0.023223
2019,08,28,0.021072
2019,08,28,0.022660
2019,08,28,0.023187
2019,08,28,0.022576
2019,08,28,0.022335
2019,08,28,0.020944
2019,08,28,0.022653
2019,08,28,0.020783
2019,08,28,0.022361
2019,08,28,0.020695
2019,08,28,0.022411
2019,08,28,0.023120
2019,08,28,0.023130
2019,08,28,0.021203
2019,08,28,0.022617
2019,08,28,0.022628
2019,08,28,0.022330
2019,08,28,0.020779
2019,08,28,0.024067
2019,08,28,0.021033
2019,08,28,0.023867
2019,08,28,0.023535
2019,08,28,0.021206
2019,08,28,0.022778
2019,08,28,0.020761
2019,08,28,0.022608
2019,08,28,0.023077
2019,08,28,0.021149
2019,08,28,0.022592
2019,08,28,0.023192
2019,08,28,0.021328
2019,08,28,0.021130
2019,08,28,0.023701
2019,08,28,0.020810
2019,08,28,0.023156
2019,08,28,0.021069
2019,08,28,0.023454
2019,08,28,0.022142
2019,08,28,0.021016
2019,08,28,0.022473
2019,08,28,0.022523
2019,08,28,0.026162
2019,08,28,0.020961
2019,08,28,0.020910
2019,08,28,0.022201
2019,08,28,0.022022
2019,08,28,0.021114
2019,08,28,0.031254
2019,08,28,0.020496
2019,08,28,0.020531
2019,08,28,0.021062
2019,08,28,0.023423
2019,08,28,0.021606
2019,08,28,0.031048
2019,08,28,0.023194
2019,08,28,0.021129
2019,08,28,0.023909
2019,08,28,0.023311
2019,08,28,0.021881
2019,08,28,0.023140
2019,08,28,0.021173
2019,08,28,0.020769
2019,08,28,0.022883
2019,08,28,0.023739
2019,08,28,0.022618
2019,08,28,0.022559
2019,08,28,0.020718
2019,08,28,0.020913
2019,08,28,0.020798
2019,08,28,0.022414
2019,08,28,0.021047
2019,08,28,0.022797
2019,08,28,0.021117
2019,08,28,0.022822
2019,08,28,0.030866
2019,08,28,0.025553
2019,08,28,0.020812
2019,08,28,0.022981
2019,08,28,0.023305
2019,08,28,0.021026
2019,08,28,0.022515
2019,08,28,0.023277
2019,08,28,0.020673
2019,08,28,0.019375
2019,08,28,0.023629
2019,08,28,0.020764
2019,08,28,0.023259
2019,08,28,0.022907
2019,08,28,0.022820
2019,08,28,0.020819
2019,08,28,0.023147
2019,08,28,0.022091
2019,08,28,0.021254
2019,08,28,0.021019
2019,08,28,0.022068
2019,08,28,0.021814
2019,08,28,0.021088
2019,08,28,0.020922
2019,08,28,0.024314
2019,08,28,0.021004
2019,08,28,0.022544
2019,08,28,0.022271
2019,08,28,0.020853
2019,08,28,0.022583
2019,08,28,0.020800
2019,08,28,0.021066
2019,08,28,0.020795
2019,08,28,0.022418
2019,08,28,0.020690
2019,08,28,0.022944
2019,08,28,0.020831
2019,08,28,0.023326
2019,08,28,0.020807
2019,08,28,0.022230
2019,08,28,0.022227
2019,08,28,0.023275
2019,08,28,0.024030
2019,08,28,0.023130
2019,08,28,0.020956
2019,08,28,0.022831
2019,08,28,0.021331
2019,08,28,0.022905
2019,08,28,0.022355
2019,08,28,0.022943
2019,08,28,0.021078
2019,08,28,0.023907
2019,08,28,0.020931
2019,08,28,0.015731
2019,08,28,0.022439
2019,08,28,0.021125
2019,08,28,0.023010
2019,08,28,0.021274
2019,08,28,0.021129
2019,08,28,0.022965
2019,08,28,0.020800
2019,08,28,0.020818
2019,08,28,0.023750
2019,08,28,0.020859
2019,08,28,0.023812
2019,08,28,0.021118
2019,08,28,0.022390
2019,08,28,0.022316
2019,08,28,0.020786
2019,08,28,0.022440
2019,08,28,0.022342
2019,08,28,0.020896
2019,08,28,0.022342
2019,08,28,0.020972
2019,08,28,0.023360
2019,08,28,0.020887
2019,08,28,0.020731
2019,08,28,0.023786
2019,08,28,0.021250
2019,08,28,0.023712
2019,08,28,0.020891
2019,08,28,0.023410
2019,08,28,0.021014
2019,08,28,0.023001
2019,08,28,0.020868
2019,08,28,0.023146
2019,08,28,0.022488
2019,08,28,0.023239
2019,08,28,0.021150
2019,08,28,0.022530
2019,08,28,0.023217
2019,08,28,0.021002
2019,08,28,0.022614
2019,08,28,0.021033
2019,08,28,0.023211
2019,08,28,0.020893
2019,08,28,0.020819
2019,08,28,0.023204
2019,08,28,0.022442
2019,08,28,0.021728
2019,08,28,0.020991
2019,08,28,0.023277
2019,08,28,0.020743
2019,08,28,0.022352
2019,08,28,0.022014
2019,08,28,0.020941
2019,08,28,0.023050
2019,08,28,0.021071
2019,08,28,0.020909
2019,08,28,0.020683
2019,08,28,0.023352
2019,08,28,0.023211
2019,08,28,0.021068
2019,08,28,0.020842
2019,08,28,0.023505
2019,08,28,0.022473
2019,08,28,0.023621
2019,08,28,0.021020
2019,08,28,0.022485
2019,08,28,0.020724
2019,08,28,0.023785
2019,08,28,0.020756
2019,08,28,0.022227
2019,08,28,0.020906
2019,08,28,0.020899
2019,08,28,0.023300
2019,08,28,0.020768
2019,08,28,0.022893
2019,08,28,0.021237
2019,08,28,0.022147
2019,08,28,0.022461
2019,08,28,0.021151
2019,08,28,0.023456
2019,08,28,0.022353
2019,08,28,0.020750
2019,08,28,0.020637
2019,08,28,0.023009
2019,08,28,0.020671
2019,08,28,0.020718
2019,08,28,0.022528
2019,08,28,0.022218
2019,08,28,0.022225
2019,08,28,0.020139
2019,08,28,0.020901
2019,08,28,0.020473
2019,08,28,0.020648
2019,08,28,0.023269
2019,08,28,0.022318
2019,08,28,0.020940
2019,08,28,0.022289
2019,08,28,0.023193
2019,08,28,0.019490
2019,08,28,0.020829
2019,08,28,0.020817
2019,08,28,0.023825
2019,08,28,0.020627
2019,08,28,0.020718
2019,08,28,0.025686
2019,08,28,0.020805
2019,08,28,0.020618
2019,08,28,0.023269
2019,08,28,0.022373
2019,08,28,0.021058
2019,08,28,0.023254
2019,08,28,0.022386
2019,08,28,0.020792
2019,08,28,0.022656
2019,08,28,0.020903
2019,08,28,0.023123
2019,08,28,0.022872
2019,08,28,0.021262
2019,08,28,0.021048
2019,08,28,0.021077
2019,08,28,0.043797
2019,08,28,0.031682
2019,08,28,0.079213
2019,08,28,0.019713
2019,08,28,0.018160
2019,08,28,0.016418
2019,08,28,0.033742
2019,08,28,0.055687
2019,08,28,0.028204
2019,08,28,0.043762
2019,08,28,0.052250
2019,08,28,0.052934
2019,08,28,0.062529
2019,08,28,0.043849
2019,08,28,0.049361
2019,08,28,0.039712
2019,08,28,0.019367
2019,08,28,0.015893
2019,08,28,0.027835
2019,08,28,0.036457
2019,08,28,0.038944
2019,08,28,0.033058
2019,08,28,0.035425
2019,08,28,0.036535
2019,08,28,0.036482
2019,08,28,0.021038
2019,08,28,0.035872
2019,08,28,0.061637
2019,08,28,0.045841
2019,08,28,0.034434
2019,08,28,0.059636
2019,08,28,0.024760
2019,08,28,0.030060
2019,08,28,0.021171
2019,08,28,0.029225
2019,08,28,0.033157
2019,08,28,0.018428
2019,08,28,0.027118
2019,08,28,0.019328
2019,08,28,0.014966
2019,08,28,0.032400
2019,08,28,0.021150
2019,08,28,0.023132
2019,08,28,0.028348
2019,08,28,0.072683
2019,08,28,0.039915
2019,08,28,0.020442
2019,08,28,0.016942
2019,08,28,0.026682
2019,08,28,0.013428
2019,08,28,0.018808
2019,08,28,0.027666
2019,08,28,0.041762
2019,08,28,0.021141
2019,08,28,0.047893
2019,08,28,0.021888
2019,08,28,0.034794
2019,08,28,0.028601
2019,08,28,0.021091
2019,08,28,0.021376
2019,08,28,0.023935
2019,08,28,0.021460
2019,08,28,0.020863
2019,08,28,0.022564
2019,08,28,0.020881
2019,08,28,0.022552
2019,08,28,0.023154
2019,08,28,0.021818
2019,08,28,0.023085
2019,08,28,0.022857
2019,08,28,0.022516
2019,08,28,0.021068
2019,08,28,0.022602
2019,08,28,0.020826
2019,08,28,0.023716
2019,08,28,0.021508
2019,08,28,0.021087
2019,08,28,0.021140
2019,08,28,0.023780
2019,08,28,0.022645
2019,08,28,0.021120
2019,08,28,0.023048
2019,08,28,0.021013
2019,08,28,0.020713
2019,08,28,0.022729
2019,08,28,0.020726
2019,08,28,0.022489
2019,08,28,0.021036
2019,08,28,0.024282
2019,08,28,0.021308
2019,08,28,0.020939
2019,08,28,0.023518
2019,08,28,0.021284
2019,08,28,0.022672
2019,08,28,0.020986
2019,08,28,0.021132
2019,08,28,0.023940
2019,08,28,0.020970
2019,08,28,0.022906
2019,08,28,0.021377
2019,08,28,0.022519
2019,08,28,0.020973
2019,08,28,0.020877
2019,08,28,0.020944
2019,08,28,0.022269
2019,08,28,0.023640
2019,08,28,0.020909
2019,08,28,0.020632
2019,08,28,0.020836
2019,08,28,0.025743
2019,08,28,0.043536
2019,08,28,0.033443
2019,08,28,0.051478
2019,08,28,0.022783
2019,08,28,0.022819
2019,08,28,0.034465
2019,08,28,0.038643
2019,08,28,0.022042
2019,08,28,0.019479
2019,08,28,0.028266
2019,08,28,0.024382
2019,08,28,0.024345
2019,08,28,0.022652
2019,08,28,0.053285
2019,08,28,0.021523
2019,08,28,0.019516
2019,08,28,0.020726
2019,08,28,0.025420
2019,08,28,0.029895
2019,08,28,0.037807
2019,08,28,0.027929
2019,08,28,0.021537
2019,08,28,0.022673
2019,08,28,0.023548
2019,08,28,0.029193
2019,08,28,0.018003
2019,08,28,0.023223
2019,08,28,0.023352
2019,08,28,0.023418
2019,08,28,0.020908
2019,08,28,0.022834
2019,08,28,0.023261
2019,08,28,0.024896
2019,08,28,0.020981
2019,08,28,0.023347
2019,08,28,0.022722
2019,08,28,0.021390
2019,08,28,0.021030
2019,08,28,0.022726
2019,08,28,0.020982
2019,08,28,0.020702
2019,08,28,0.021349
2019,08,28,0.021088
2019,08,28,0.022252
2019,08,28,0.022551
2019,08,28,0.022486
2019,08,28,0.021203
2019,08,28,0.021159
2019,08,28,0.022545
2019,08,28,0.022892
2019,08,28,0.022680
2019,08,28,0.022320
2019,08,28,0.023595
2019,08,28,0.022537
2019,08,28,0.021385
2019,08,28,0.023229
2019,08,28,0.022454
2019,08,28,0.022326
2019,08,28,0.021195
2019,08,28,0.022603
2019,08,28,0.021177
2019,08,28,0.050014
2019,08,28,0.022868
2019,08,28,0.023280
2019,08,28,0.022584
2019,08,28,0.022962
2019,08,28,0.020824
2019,08,28,0.023124
2019,08,28,0.021097
2019,08,28,0.022443
2019,08,28,0.022482
2019,08,28,0.022324
2019,08,28,0.020967
2019,08,28,0.023505
2019,08,28,0.022352
2019,08,28,0.021058
2019,08,28,0.023103
2019,08,28,0.022705
2019,08,28,0.021023
2019,08,28,0.023706
2019,08,28,0.020866
2019,08,28,0.022701
2019,08,28,0.023928
2019,08,28,0.020855
2019,08,28,0.022912
2019,08,28,0.021030
2019,08,28,0.022230
2019,08,28,0.023022
2019,08,28,0.023934
2019,08,28,0.023072
2019,08,28,0.023644
2019,08,28,0.020930
2019,08,28,0.022838
2019,08,28,0.020798
2019,08,28,0.022494
2019,08,28,0.021199
2019,08,28,0.023037
2019,08,28,0.022983
2019,08,28,0.023379
2019,08,28,0.020714
2019,08,28,0.022566
2019,08,28,0.020939
2019,08,28,0.020840
2019,08,28,0.023412
2019,08,28,0.020847
2019,08,28,0.023076
2019,08,28,0.020841
2019,08,28,0.022514
2019,08,28,0.022709
2019,08,28,0.023275
2019,08,28,0.021301
2019,08,28,0.022493
2019,08,28,0.023073
2019,08,28,0.022335
2019,08,28,0.051264
2019,08,28,0.037480
2019,08,28,0.036810
2019,08,28,0.045922
2019,08,28,0.041413
2019,08,28,0.041175
2019,08,28,0.034996
2019,08,28,0.039846
2019,08,28,0.044778
2019,08,28,0.030167
2019,08,28,0.018160
2019,08,28,0.032348
2019,08,28,0.022588
2019,08,28,0.026468
2019,08,28,0.027208
2019,08,28,0.025213
2019,08,28,0.046499
2019,08,28,0.043479
2019,08,28,0.043957
2019,08,28,0.043700
2019,08,28,0.048547
2019,08,28,0.042200
2019,08,28,0.043237
2019,08,28,0.040047
2019,08,28,0.045956
2019,08,28,0.042008
2019,08,28,0.044976
2019,08,28,0.036971
2019,08,28,0.042150
2019,08,28,0.032897
2019,08,28,0.040186
2019,08,28,0.055437
2019,08,28,0.045225
2019,08,28,0.036488
2019,08,28,0.029001
2019,08,28,0.031930
2019,08,28,0.015333
2019,08,28,0.029266
2019,08,28,0.036448
2019,08,28,0.024353
2019,08,28,0.034693
2019,08,28,0.019923
2019,08,28,0.020714
2019,08,28,0.027609
2019,08,28,0.036256
2019,08,28,0.037847
2019,08,28,0.025091
2019,08,28,0.057371
2019,08,28,0.044688
2019,08,28,0.034934
2019,08,28,0.071618
2019,08,28,0.017457
2019,08,28,0.050926
2019,08,28,0.040090
2019,08,28,0.023638
2019,08,28,0.043049
2019,08,28,0.057653
2019,08,28,0.036159
2019,08,28,0.048708
2019,08,28,0.043046
2019,08,28,0.026759
2019,08,28,0.041925
2019,08,28,0.016947
2019,08,28,0.026121
2019,08,28,0.041014
2019,08,28,0.063995
2019,08,28,0.022154
2019,08,28,0.020652
2019,08,28,0.024953
2019,08,28,0.021089
2019,08,28,0.022956
2019,08,28,0.020414
2019,08,28,0.039838
2019,08,28,0.035246
2019,08,28,0.022525
2019,08,28,0.035524
2019,08,28,0.025686
2019,08,28,0.023752
2019,08,28,0.030311
2019,08,28,0.015076
2019,08,28,0.031239
2019,08,28,0.022889
2019,08,28,0.023800
2019,08,28,0.026464
2019,08,28,0.054412
2019,08,28,0.038585
2019,08,28,0.031644
2019,08,28,0.046322
2019,08,28,0.027000
2019,08,28,0.032126
2019,08,28,0.027409
2019,08,28,0.034844
2019,08,28,0.022524
2019,08,28,0.024843
2019,08,28,0.070905
2019,08,28,0.036267
2019,08,28,0.034289
2019,08,28,0.047120
2019,08,28,0.128526
2019,08,28,0.021802
2019,08,28,0.030204
2019,08,28,0.034394
2019,08,28,0.027534
2019,08,28,0.036920
2019,08,28,0.024742
2019,08,28,0.025351
2019,08,28,0.070294
2019,08,28,0.040568
2019,08,28,0.022346
2019,08,28,0.034279
2019,08,28,0.034817
2019,08,28,0.032027
2019,08,28,0.026250
2019,08,28,0.027703
2019,08,28,0.028125
2019,08,28,0.030400
2019,08,28,0.041291
2019,08,28,0.040699
2019,08,28,0.048842
2019,08,28,0.026687
2019,08,28,0.019514
2019,08,28,0.037065
2019,08,28,0.032077
2019,08,28,0.045771
2019,08,28,0.035289
2019,08,28,0.035550
2019,08,28,0.045813
2019,08,28,0.037556
2019,08,28,0.045144
2019,08,28,0.023643
2019,08,28,0.026270
2019,08,28,0.019068
2019,08,28,0.050665
2019,08,28,0.021444
2019,08,28,0.047640
2019,08,28,0.041841
2019,08,28,0.029800
2019,08,28,0.022275
2019,08,28,0.037807
2019,08,28,0.030993
2019,08,28,0.020836
2019,08,28,0.031468
2019,08,28,0.047996
2019,08,28,0.027936
2019,08,28,0.034459
2019,08,28,0.036627
2019,08,28,0.020969
2019,08,28,0.029168
2019,08,28,0.027839
2019,08,28,0.021664
2019,08,28,0.021868
2019,08,28,0.019368
2019,08,28,0.033076
2019,08,28,0.042745
2019,08,28,0.036418
2019,08,28,0.065315
2019,08,28,0.023906
2019,08,28,0.020037
2019,08,28,0.022637
2019,08,28,0.030670
2019,08,28,0.025185
2019,08,28,0.015348
2019,08,28,0.013998
2019,08,28,0.118882
2019,08,28,0.096180
2019,08,28,0.021969
2019,08,28,0.022862
2019,08,28,0.023874
2019,08,28,0.023008
2019,08,28,0.020752
2019,08,28,0.020300
2019,08,28,0.026591
2019,08,28,0.035712
2019,08,28,0.022382
2019,08,28,0.037124
2019,08,28,0.034907
2019,08,28,0.025314
2019,08,28,0.023148
2019,08,28,0.026516
2019,08,28,0.022712
2019,08,28,0.023441
2019,08,28,0.027057
2019,08,28,0.025001
2019,08,28,0.026568
2019,08,28,0.024958
2019,08,28,0.032798
2019,08,28,0.017939
2019,08,28,0.033975
2019,08,28,0.037917
2019,08,28,0.049544
2019,08,28,0.016272
2019,08,28,0.021241
2019,08,28,0.024221
2019,08,28,0.032591
2019,08,28,0.025287
2019,08,28,0.014762
2019,08,28,0.024625
2019,08,28,0.019616
2019,08,28,0.014439
2019,08,28,0.025058
2019,08,28,0.014189
2019,08,28,0.025157
2019,08,28,0.016164
2019,08,28,0.022949
2019,08,28,0.016999
2019,08,28,0.029055
2019,08,28,0.014105
2019,08,28,0.026736
2019,08,28,0.018541
2019,08,28,0.017208
2019,08,28,0.026703
2019,08,28,0.022080
2019,08,28,0.026084
2019,08,28,0.016883
2019,08,28,0.025793
2019,08,28,0.013292
2019,08,28,0.025924
2019,08,28,0.018856
2019,08,28,0.023992
2019,08,28,0.019984
2019,08,28,0.016116
2019,08,28,0.035955
2019,08,28,0.029149
2019,08,28,0.037145
2019,08,28,0.037100
2019,08,28,0.016660
2019,08,28,0.023800
2019,08,28,0.018199
2019,08,28,0.020552
2019,08,28,0.021389
2019,08,28,0.050114
2019,08,28,0.055280
2019,08,28,0.021873
2019,08,28,0.032123
2019,08,28,0.026362
2019,08,28,0.018993
2019,08,28,0.039802
2019,08,28,0.056836
2019,08,28,0.028672
2019,08,28,0.028013
2019,08,28,0.021469
2019,08,28,0.023719
2019,08,28,0.022568
2019,08,28,0.021094
2019,08,28,0.020826
2019,08,28,0.020584
2019,08,28,0.022280
2019,08,28,0.020903
2019,08,28,0.020813
2019,08,28,0.022424
2019,08,28,0.022113
2019,08,28,0.022736
2019,08,28,0.020964
2019,08,28,0.020835
2019,08,28,0.024311
2019,08,28,0.018525
2019,08,28,0.022741
2019,08,28,0.023276
2019,08,28,0.022530
2019,08,28,0.022829
2019,08,28,0.022382
2019,08,28,0.020797
2019,08,28,0.023874
2019,08,28,0.022358
2019,08,28,0.021060
2019,08,28,0.020581
2019,08,28,0.024029
2019,08,28,0.022473
2019,08,28,0.023097
2019,08,28,0.020882
2019,08,28,0.038174
2019,08,28,0.026039
2019,08,28,0.020821
2019,08,28,0.027630
2019,08,28,0.024027
2019,08,28,0.022258
2019,08,28,0.020730
2019,08,28,0.020948
2019,08,28,0.022698
2019,08,28,0.022484
2019,08,28,0.021422
2019,08,28,0.022710
2019,08,28,0.023734
2019,08,28,0.023527
2019,08,28,0.022792
2019,08,28,0.021109
2019,08,28,0.020551
2019,08,28,0.023497
2019,08,28,0.021054
2019,08,28,0.022652
2019,08,28,0.022617
2019,08,28,0.020947
2019,08,28,0.022981
2019,08,28,0.020717
2019,08,28,0.022074
2019,08,28,0.037292
2019,08,28,0.046111
2019,08,28,0.028164
2019,08,28,0.023502
2019,08,28,0.020182
2019,08,28,0.032195
2019,08,28,0.051130
2019,08,28,0.054943
2019,08,28,0.026358
2019,08,28,0.021292
2019,08,28,0.039453
2019,08,28,0.024042
2019,08,28,0.026606
2019,08,28,0.024554
2019,08,28,0.028107
2019,08,28,0.019331
2019,08,28,0.022815
2019,08,28,0.020486
2019,08,28,0.030163
2019,08,28,0.024538
2019,08,28,0.030307
2019,08,28,0.064099
2019,08,28,0.059018
2019,08,28,0.042599
2019,08,28,0.044635
2019,08,28,0.039464
2019,08,28,0.046316
2019,08,28,0.031139
2019,08,28,0.027842
2019,08,28,0.025395
2019,08,28,0.022280
2019,08,28,0.032500
2019,08,28,0.022082
2019,08,28,0.035521
2019,08,28,0.027955
2019,08,28,0.022178
2019,08,28,0.040125
2019,08,28,0.021355
2019,08,28,0.023125
2019,08,28,0.034945
2019,08,28,0.039429
2019,08,28,0.024729
2019,08,28,0.057025
2019,08,28,0.052027
2019,08,28,0.031034
2019,08,28,0.033147
2019,08,28,0.032036
2019,08,28,0.037538
2019,08,28,0.043211
2019,08,28,0.043200
2019,08,28,0.043615
2019,08,28,0.048420
2019,08,28,0.043719
2019,08,28,0.051966
2019,08,28,0.039325
2019,08,28,0.049821
2019,08,28,0.041708
2019,08,28,0.044691
2019,08,28,0.044174
2019,08,28,0.037929
2019,08,28,0.029343
2019,08,28,0.027103
2019,08,28,0.020570
2019,08,28,0.041881
2019,08,28,0.028036
2019,08,28,0.030607
2019,08,28,0.029773
2019,08,28,0.027178
2019,08,28,0.029724
2019,08,28,0.027005
2019,08,28,0.043149
2019,08,28,0.034586
2019,08,28,0.035701
2019,08,28,0.036277
2019,08,28,0.033552
2019,08,28,0.023422
2019,08,28,0.062444
2019,08,28,0.041156
2019,08,28,0.052087
2019,08,28,0.042226
2019,08,28,0.044119
2019,08,28,0.033748
2019,08,28,0.033515
2019,08,28,0.042443
2019,08,28,0.027874
2019,08,28,0.021352
2019,08,28,0.027871
2019,08,28,0.017979
2019,08,28,0.021021
2019,08,28,0.024694
2019,08,28,0.022773
2019,08,28,0.021147
2019,08,28,0.023171
2019,08,28,0.026487
2019,08,28,0.020817
2019,08,28,0.023137
2019,08,28,0.023457
2019,08,28,0.022332
2019,08,28,0.019968
2019,08,28,0.023620
2019,08,28,0.021388
2019,08,28,0.022972
2019,08,28,0.023049
2019,08,28,0.022712
2019,08,28,0.021087
2019,08,28,0.022429
2019,08,28,0.022884
2019,08,28,0.033846
2019,08,28,0.039387
2019,08,28,0.044923
2019,08,28,0.020755
2019,08,28,0.023764
2019,08,28,0.048907
2019,08,28,0.049497
2019,08,28,0.042458
2019,08,28,0.042702
2019,08,28,0.052766
2019,08,28,0.028921
2019,08,28,0.024480
2019,08,28,0.021581
2019,08,28,0.022747
2019,08,28,0.019873
2019,08,28,0.028548
2019,08,28,0.037778
2019,08,28,0.029221
2019,08,28,0.057050
2019,08,28,0.042355
2019,08,28,0.042170
2019,08,28,0.042562
2019,08,28,0.044462
2019,08,28,0.060692
2019,08,28,0.025290
2019,08,28,0.034637
2019,08,28,0.030291
2019,08,28,0.027925
2019,08,28,0.026337
2019,08,28,0.045903
2019,08,28,0.044691
2019,08,28,0.048384
2019,08,28,0.043044
2019,08,28,0.056867
2019,08,28,0.045870
2019,08,28,0.047886
2019,08,28,0.023574
2019,08,28,0.035424
2019,08,28,0.026179
2019,08,28,0.024094
2019,08,28,0.017471
2019,08,28,0.013440
2019,08,28,0.016583
2019,08,28,0.012250
2019,08,28,0.019517
2019,08,28,0.012658
2019,08,28,0.016844
2019,08,28,0.011387
2019,08,28,0.018596
2019,08,28,0.028429
2019,08,28,0.027445
2019,08,28,0.020788
2019,08,28,0.017869
2019,08,28,0.022743
2019,08,28,0.020975
2019,08,28,0.022312
2019,08,28,0.021020
2019,08,28,0.022469
2019,08,28,0.030080
2019,08,28,0.059543
2019,08,28,0.043865
2019,08,28,0.037414
2019,08,28,0.041338
2019,08,28,0.043681
2019,08,28,0.048284
2019,08,28,0.043370
2019,08,28,0.026994
2019,08,28,0.032522
2019,08,28,0.020705
2019,08,28,0.022989
2019,08,28,0.020907
2019,08,28,0.015513
2019,08,28,0.022681
2019,08,28,0.022479
2019,08,28,0.024022
2019,08,28,0.024530
2019,08,28,0.020578
2019,08,28,0.023679
2019,08,28,0.024583
2019,08,28,0.027757
2019,08,28,0.024076
2019,08,28,0.019331
2019,08,28,0.040207
2019,08,28,0.028974
2019,08,28,0.023144
2019,08,28,0.020760
2019,08,28,0.020798
2019,08,28,0.022508
2019,08,28,0.020976
2019,08,28,0.022519
2019,08,28,0.025048
2019,08,28,0.023065
2019,08,28,0.024042
2019,08,28,0.023347
2019,08,28,0.020625
2019,08,28,0.019239
2019,08,28,0.022746
2019,08,28,0.022990
2019,08,28,0.026782
2019,08,28,0.018170
2019,08,28,0.039442
2019,08,28,0.025798
2019,08,28,0.042119
2019,08,28,0.029598
2019,08,28,0.022912
2019,08,28,0.055507
2019,08,28,0.029287
2019,08,28,0.017693
2019,08,28,0.022084
2019,08,28,0.029470
2019,08,28,0.016418
2019,08,28,0.013961
2019,08,28,0.014638
2019,08,28,0.020643
2019,08,28,0.027967
2019,08,28,0.026510
2019,08,28,0.024942
2019,08,28,0.017145
2019,08,28,0.021191
2019,08,28,0.021682
2019,08,28,0.017573
2019,08,28,0.011522
2019,08,28,0.018152
2019,08,28,0.026104
2019,08,28,0.028051
2019,08,28,0.029119
2019,08,28,0.014419
2019,08,28,0.021426
2019,08,28,0.032387
2019,08,28,0.015951
2019,08,28,0.020292
2019,08,28,0.029658
2019,08,28,0.022478
2019,08,28,0.042243
2019,08,28,0.029493
2019,08,28,0.026617
2019,08,28,0.045555
2019,08,28,0.028406
2019,08,28,0.026375
2019,08,28,0.018430
2019,08,28,0.037503
2019,08,28,0.029599
2019,08,28,0.025502
2019,08,28,0.034289
2019,08,28,0.042333
2019,08,28,0.055656
2019,08,28,0.034832
2019,08,28,0.027744
2019,08,28,0.022031
2019,08,28,0.032486
2019,08,28,0.027517
2019,08,28,0.020788
2019,08,28,0.023197
2019,08,28,0.042601
2019,08,28,0.023564
2019,08,28,0.023827
2019,08,28,0.027891
2019,08,28,0.020513
2019,08,28,0.034235
2019,08,28,0.020033
2019,08,28,0.031506
2019,08,28,0.045756
2019,08,28,0.041795
2019,08,28,0.056049
2019,08,28,0.040216
2019,08,28,0.053888
2019,08,28,0.050832
2019,08,28,0.036184
2019,08,28,0.041496
2019,08,28,0.042122
2019,08,28,0.041508
2019,08,28,0.027219
2019,08,28,0.025121
2019,08,28,0.077009
2019,08,28,0.035381
2019,08,28,0.025952
2019,08,28,0.052639
2019,08,28,0.027824
2019,08,28,0.019550
2019,08,28,0.031420
2019,08,28,0.055103
2019,08,28,0.042775
2019,08,28,0.045994
2019,08,28,0.040598
2019,08,28,0.047418
2019,08,28,0.043185
2019,08,28,0.048589
2019,08,28,0.039244
2019,08,28,0.054875
2019,08,28,0.062551
2019,08,28,0.020193
2019,08,28,0.025540
2019,08,28,0.025306
2019,08,28,0.030680
2019,08,28,0.033525
2019,08,28,0.020641
2019,08,28,0.023036
2019,08,28,0.023928
2019,08,28,0.027589
2019,08,28,0.019139
2019,08,28,0.028856
2019,08,28,0.040039
2019,08,28,0.037374
2019,08,28,0.029236
2019,08,28,0.027367
2019,08,28,0.021255
2019,08,28,0.026491
2019,08,28,0.036661
2019,08,28,0.022918
2019,08,28,0.052382
2019,08,28,0.033731
2019,08,28,0.041390
2019,08,28,0.024527
2019,08,28,0.045176
2019,08,28,0.034615
2019,08,28,0.028336
2019,08,28,0.049091
2019,08,28,0.035522
2019,08,28,0.041071
2019,08,28,0.024493
2019,08,28,0.023298
2019,08,28,0.023738
2019,08,28,0.020152
2019,08,28,0.024354
2019,08,28,0.045218
2019,08,28,0.067859
2019,08,28,0.082698
2019,08,28,0.030121
2019,08,28,0.042920
2019,08,28,0.043242
2019,08,28,0.042598
2019,08,28,0.050140
2019,08,28,0.019485
2019,08,28,0.032434
2019,08,28,0.048436
2019,08,28,0.040105
2019,08,28,0.045120
2019,08,28,0.031765
2019,08,28,0.021919
2019,08,28,0.025600
2019,08,28,0.023647
2019,08,28,0.021172
2019,08,28,0.021155
2019,08,28,0.023227
2019,08,28,0.022624
2019,08,28,0.022969
2019,08,28,0.022737
2019,08,28,0.020892
2019,08,28,0.022270
2019,08,28,0.023379
2019,08,28,0.023350
2019,08,28,0.021139
2019,08,28,0.023429
2019,08,28,0.023119
2019,08,28,0.021143
2019,08,28,0.022988
2019,08,28,0.023108
2019,08,28,0.021065
2019,08,28,0.023373
2019,08,28,0.020954
2019,08,28,0.022697
2019,08,28,0.022457
2019,08,28,0.021126
2019,08,28,0.022005
2019,08,28,0.020927
2019,08,28,0.022810
2019,08,28,0.020852
2019,08,28,0.026105
2019,08,28,0.021433
2019,08,28,0.020744
2019,08,28,0.020831
2019,08,28,0.023855
2019,08,28,0.021126
2019,08,28,0.022469
2019,08,28,0.020761
2019,08,28,0.022891
2019,08,28,0.022679
2019,08,28,0.024566
2019,08,28,0.020989
2019,08,28,0.022228
2019,08,28,0.021116
2019,08,28,0.023520
2019,08,28,0.020990
2019,08,28,0.022608
2019,08,28,0.020982
2019,08,28,0.021131
2019,08,28,0.020912
2019,08,28,0.023669
2019,08,28,0.023239
2019,08,28,0.021450
2019,08,28,0.020948
2019,08,28,0.020898
2019,08,28,0.023281
2019,08,28,0.021239
2019,08,28,0.020794
2019,08,28,0.023791
2019,08,28,0.022876
2019,08,28,0.021253
2019,08,28,0.022615
2019,08,28,0.021810
2019,08,28,0.022477
2019,08,28,0.020852
2019,08,28,0.022776
2019,08,28,0.021124
2019,08,28,0.021087
2019,08,28,0.023626
2019,08,28,0.020874
2019,08,28,0.020629
2019,08,28,0.021057
2019,08,28,0.023058
2019,08,28,0.021066
2019,08,28,0.022543
2019,08,28,0.022300
2019,08,28,0.021055
2019,08,28,0.022735
2019,08,28,0.020936
2019,08,28,0.022340
2019,08,28,0.022555
2019,08,28,0.020689
2019,08,28,0.021140
2019,08,28,0.023682
2019,08,28,0.020738
2019,08,28,0.020694
2019,08,28,0.020746
2019,08,28,0.020717
2019,08,28,0.020725
2019,08,28,0.020998
2019,08,28,0.023165
2019,08,28,0.020976
2019,08,28,0.022615
2019,08,28,0.021142
2019,08,28,0.020903
2019,08,28,0.023411
2019,08,28,0.020886
2019,08,28,0.023768
2019,08,28,0.023165
2019,08,28,0.019618
2019,08,28,0.020871
2019,08,28,0.022881
2019,08,28,0.020848
2019,08,28,0.020559
2019,08,28,0.024134
2019,08,28,0.021117
2019,08,28,0.022742
2019,08,28,0.020865
2019,08,28,0.023592
2019,08,28,0.020853
2019,08,28,0.022237
2019,08,28,0.022282
2019,08,28,0.021241
2019,08,28,0.022449
2019,08,28,0.021011
2019,08,28,0.022307
2019,08,28,0.022115
2019,08,28,0.021008
2019,08,28,0.022738
2019,08,28,0.020879
2019,08,28,0.022980
2019,08,28,0.022204
2019,08,28,0.020747
2019,08,28,0.022446
2019,08,28,0.021190
2019,08,28,0.025336
2019,08,28,0.020444
2019,08,28,0.020792
2019,08,28,0.021169
2019,08,28,0.021050
2019,08,28,0.020623
2019,08,28,0.023594
2019,08,28,0.022328
2019,08,28,0.021161
2019,08,28,0.022137
2019,08,28,0.021350
2019,08,28,0.026730
2019,08,28,0.018657
2019,08,28,0.031234
2019,08,28,0.041072
2019,08,28,0.030034
2019,08,28,0.025456
2019,08,28,0.021599
2019,08,28,0.026509
2019,08,28,0.017612
2019,08,28,0.013352
2019,08,28,0.029388
2019,08,28,0.013720
2019,08,28,0.017088
2019,08,28,0.011570
2019,08,28,0.020835
2019,08,28,0.021975
2019,08,28,0.022149
2019,08,28,0.026167
2019,08,28,0.026326
2019,08,28,0.018949
2019,08,28,0.011055
2019,08,28,0.030513
2019,08,28,0.024412
2019,08,28,0.021360
2019,08,28,0.024321
2019,08,28,0.020317
2019,08,28,0.020543
2019,08,28,0.036994
2019,08,28,0.026427
2019,08,28,0.021267
2019,08,28,0.020610
2019,08,28,0.015661
2019,08,28,0.024729
2019,08,28,0.019837
2019,08,28,0.021624
2019,08,28,0.017076
2019,08,28,0.026068
2019,08,28,0.020920
2019,08,28,0.022447
2019,08,28,0.021659
2019,08,28,0.022032
2019,08,28,0.027535
2019,08,28,0.021181
2019,08,28,0.020540
2019,08,28,0.022508
2019,08,28,0.022760
2019,08,28,0.020970
2019,08,28,0.023967
2019,08,28,0.022426
2019,08,28,0.021230
2019,08,28,0.023312
2019,08,28,0.020902
2019,08,28,0.022830
2019,08,28,0.021825
2019,08,28,0.022623
2019,08,28,0.022356
2019,08,28,0.031863
2019,08,28,0.023887
2019,08,28,0.020840
2019,08,28,0.020745
2019,08,28,0.025975
2019,08,28,0.027813
2019,08,28,0.021773
2019,08,28,0.024962
2019,08,28,0.023780
2019,08,28,0.021035
2019,08,28,0.023330
2019,08,28,0.022544
2019,08,28,0.021240
2019,08,28,0.028493
2019,08,28,0.017092
2019,08,28,0.019367
2019,08,28,0.068853
2019,08,28,0.021879
2019,08,28,0.021021
2019,08,28,0.023313
2019,08,28,0.024470
2019,08,28,0.022615
2019,08,28,0.021130
2019,08,28,0.020941
2019,08,28,0.020908
2019,08,28,0.023296
2019,08,28,0.032465
2019,08,28,0.022559
2019,08,28,0.019592
2019,08,28,0.022842
2019,08,28,0.023467
2019,08,28,0.023091
2019,08,28,0.021011
2019,08,28,0.028335
2019,08,28,0.015848
2019,08,28,0.013503
2019,08,28,0.014922
2019,08,28,0.013657
2019,08,28,0.021511
2019,08,28,0.025131
2019,08,28,0.022927
2019,08,28,0.052874
2019,08,28,0.024692
2019,08,28,0.042561
2019,08,28,0.023169
2019,08,28,0.023661
2019,08,28,0.050243
2019,08,28,0.022956
2019,08,28,0.022410
2019,08,28,0.023178
2019,08,28,0.021798
2019,08,28,0.020882
2019,08,28,0.020852
2019,08,28,0.023274
2019,08,28,0.022705
2019,08,28,0.020923
2019,08,28,0.022789
2019,08,28,0.023528
2019,08,28,0.021138
2019,08,28,0.025479
2019,08,28,0.020973
2019,08,28,0.022950
2019,08,28,0.020876
2019,08,28,0.020557
2019,08,28,0.020832
2019,08,28,0.030546
2019,08,28,0.025850
2019,08,28,0.020877
2019,08,28,0.022912
2019,08,28,0.023600
2019,08,28,0.022479
2019,08,28,0.024530
2019,08,28,0.023424
2019,08,28,0.023450
2019,08,28,0.020945
2019,08,28,0.023725
2019,08,28,0.023462
2019,08,28,0.022512
2019,08,28,0.021505
2019,08,28,0.020407
2019,08,28,0.022683
2019,08,28,0.021106
2019,08,28,0.023023
2019,08,28,0.023381
2019,08,28,0.021117
2019,08,28,0.022448
2019,08,28,0.023639
2019,08,28,0.022285
2019,08,28,0.020433
2019,08,28,0.018384
2019,08,28,0.020763
2019,08,28,0.022287
2019,08,28,0.023918
2019,08,28,0.020802
2019,08,28,0.022391
2019,08,28,0.020922
2019,08,28,0.023499
2019,08,28,0.022259
2019,08,28,0.020832
2019,08,28,0.023021
2019,08,28,0.022203
2019,08,28,0.047320
2019,08,28,0.022198
2019,08,28,0.023525
2019,08,28,0.023776
2019,08,28,0.022663
2019,08,28,0.021139
2019,08,28,0.020750
2019,08,28,0.022852
2019,08,28,0.032444
2019,08,28,0.022474
2019,08,28,0.022544
2019,08,28,0.020472
2019,08,28,0.023973
2019,08,28,0.032627
2019,08,28,0.025403
2019,08,28,0.022273
2019,08,28,0.033443
2019,08,28,0.020985
2019,08,28,0.045870
2019,08,28,0.023269
2019,08,28,0.038677
2019,08,28,0.026735
2019,08,28,0.030678
2019,08,28,0.042980
2019,08,28,0.048888
2019,08,28,0.042456
2019,08,28,0.040780
2019,08,28,0.046939
2019,08,28,0.021312
2019,08,28,0.023881
2019,08,28,0.030524
2019,08,28,0.052265
2019,08,28,0.042553
2019,08,28,0.047979
2019,08,28,0.023333
2019,08,28,0.025607
2019,08,28,0.048145
2019,08,28,0.048872
2019,08,28,0.032533
2019,08,28,0.040618
2019,08,28,0.027745
2019,08,28,0.024213
2019,08,28,0.045799
2019,08,28,0.024840
2019,08,28,0.025270
2019,08,28,0.033382
2019,08,28,0.040616
2019,08,28,0.033932
2019,08,28,0.021805
2019,08,28,0.030915
2019,08,28,0.048146
2019,08,28,0.042887
2019,08,28,0.046115
2019,08,28,0.043215
2019,08,28,0.042860
2019,08,28,0.043364
2019,08,28,0.060066
2019,08,28,0.041567
2019,08,28,0.041109
2019,08,28,0.019320
2019,08,28,0.042329
2019,08,28,0.027447
2019,08,28,0.042176
2019,08,28,0.050453
2019,08,28,0.023018
2019,08,28,0.024236
2019,08,28,0.051861
2019,08,28,0.030193
2019,08,28,0.021891
2019,08,28,0.038663
2019,08,28,0.021834
2019,08,28,0.029598
2019,08,28,0.061476
2019,08,28,0.032543
2019,08,28,0.021891
2019,08,28,0.034601
2019,08,28,0.029600
2019,08,28,0.021819
2019,08,28,0.022260
2019,08,28,0.032256
2019,08,28,0.045303
2019,08,28,0.021554
2019,08,28,0.022470
2019,08,28,0.051663
2019,08,28,0.043905
2019,08,28,0.033760
2019,08,28,0.027109
2019,08,28,0.033171
2019,08,28,0.036926
2019,08,28,0.028924
2019,08,28,0.061124
2019,08,28,0.036685
2019,08,28,0.053261
2019,08,28,0.016342
2019,08,28,0.038367
2019,08,28,0.045882
2019,08,28,0.048631
2019,08,28,0.051812
2019,08,28,0.036214
2019,08,28,0.045180
2019,08,28,0.020283
2019,08,28,0.037184
2019,08,28,0.049776
2019,08,28,0.043082
2019,08,28,0.047739
2019,08,28,0.021745
2019,08,28,0.039463
2019,08,28,0.028288
2019,08,28,0.036531
2019,08,28,0.022142
2019,08,28,0.029121
2019,08,28,0.036228
2019,08,28,0.027703
2019,08,28,0.025202
2019,08,28,0.022758
2019,08,28,0.024692
2019,08,28,0.018183
2019,08,28,0.020088
2019,08,28,0.024576
2019,08,28,0.026352
2019,08,28,0.022455
2019,08,28,0.022600
2019,08,28,0.034184
2019,08,28,0.031228
2019,08,28,0.028463
2019,08,28,0.024492
2019,08,28,0.021088
2019,08,28,0.018652
2019,08,28,0.020533
2019,08,28,0.038891
2019,08,28,0.039166
2019,08,28,0.042140
2019,08,28,0.048076
2019,08,28,0.047071
2019,08,28,0.046208
2019,08,28,0.046175
2019,08,28,0.019347
2019,08,28,0.037372
2019,08,28,0.043757
2019,08,28,0.042599
2019,08,28,0.047474
2019,08,28,0.053449
2019,08,28,0.029511
2019,08,28,0.037567
2019,08,28,0.032459
2019,08,28,0.025306
2019,08,28,0.038247
2019,08,28,0.028650
2019,08,28,0.030745
2019,08,28,0.045416
2019,08,28,0.054544
2019,08,28,0.023087
2019,08,28,0.034089
2019,08,28,0.025530
2019,08,28,0.025883
2019,08,28,0.027279
2019,08,28,0.025067
2019,08,28,0.021156
2019,08,28,0.022060
2019,08,28,0.019495
2019,08,28,0.021512
2019,08,28,0.018815
2019,08,28,0.027949
2019,08,28,0.021368
2019,08,28,0.026173
2019,08,28,0.018130
2019,08,28,0.020887
2019,08,28,0.023005
2019,08,28,0.023111
2019,08,28,0.021039
2019,08,28,0.022021
2019,08,28,0.020781
2019,08,28,0.022631
2019,08,28,0.020636
2019,08,28,0.023892
2019,08,28,0.020803
2019,08,28,0.022625
2019,08,28,0.020852
2019,08,28,0.022373
2019,08,28,0.022400
2019,08,28,0.021015
2019,08,28,0.022603
2019,08,28,0.032431
2019,08,28,0.025282
2019,08,28,0.024408
2019,08,28,0.051079
2019,08,28,0.026641
2019,08,28,0.026742
2019,08,28,0.025827
2019,08,28,0.017823
2019,08,28,0.029591
2019,08,28,0.031185
2019,08,28,0.020567
2019,08,28,0.026154
2019,08,28,0.048330
2019,08,28,0.042460
2019,08,28,0.046058
2019,08,28,0.046901
2019,08,28,0.043041
2019,08,28,0.044391
2019,08,28,0.045072
2019,08,28,0.046283
2019,08,28,0.043589
2019,08,28,0.041948
2019,08,28,0.044124
2019,08,28,0.043343
2019,08,28,0.044034
2019,08,28,0.022956
2019,08,28,0.021203
2019,08,28,0.023090
2019,08,28,0.022543
2019,08,28,0.021644
2019,08,28,0.020915
2019,08,28,0.022608
2019,08,28,0.021048
2019,08,28,0.022992
2019,08,28,0.022658
2019,08,28,0.020902
2019,08,28,0.023930
2019,08,28,0.023439
2019,08,28,0.024928
2019,08,28,0.021041
2019,08,28,0.020722
2019,08,28,0.023449
2019,08,28,0.022203
2019,08,28,0.022960
2019,08,28,0.023282
2019,08,28,0.033498
2019,08,28,0.013614
2019,08,28,0.023059
2019,08,28,0.018215
2019,08,28,0.026079
2019,08,28,0.015050
2019,08,28,0.021320
2019,08,28,0.034818
2019,08,28,0.023142
2019,08,28,0.020519
2019,08,28,0.016442
2019,08,28,0.021239
2019,08,28,0.036255
2019,08,28,0.016936
2019,08,28,0.020677
2019,08,28,0.020795
2019,08,28,0.023490
2019,08,28,0.020842
2019,08,28,0.031271
2019,08,28,0.022131
2019,08,28,0.024096
2019,08,28,0.020709
2019,08,28,0.028022
2019,08,28,0.016286
2019,08,28,0.020401
2019,08,28,0.024367
2019,08,28,0.021290
2019,08,28,0.021574
2019,08,28,0.023416
2019,08,28,0.020771
2019,08,28,0.025733
2019,08,28,0.017835
2019,08,28,0.015104
2019,08,28,0.024144
2019,08,28,0.015499
2019,08,28,0.029863
2019,08,28,0.022769
2019,08,28,0.023324
2019,08,28,0.020255
2019,08,28,0.022887
2019,08,28,0.020922
2019,08,28,0.020769
2019,08,28,0.023874
2019,08,28,0.020932
2019,08,28,0.023337
2019,08,28,0.022376
2019,08,28,0.023092
2019,08,28,0.020964
2019,08,28,0.022114
2019,08,28,0.020884
2019,08,28,0.022619
2019,08,28,0.020500
2019,08,28,0.022671
2019,08,28,0.020868
2019,08,28,0.023170
2019,08,28,0.023172
2019,08,28,0.023060
2019,08,28,0.020734
2019,08,28,0.023126
2019,08,28,0.023016
2019,08,28,0.022106
2019,08,28,0.025992
2019,08,28,0.018564
2019,08,28,0.022722
2019,08,28,0.020813
2019,08,28,0.023218
2019,08,28,0.020909
2019,08,28,0.024718
2019,08,28,0.023785
2019,08,28,0.021133
2019,08,28,0.023205
2019,08,28,0.026559
2019,08,28,0.017557
2019,08,28,0.031954
2019,08,28,0.020880
2019,08,28,0.020974
2019,08,28,0.023429
2019,08,28,0.023831
2019,08,28,0.021254
2019,08,28,0.023045
2019,08,28,0.023129
2019,08,28,0.020910
2019,08,28,0.024128
2019,08,28,0.020919
2019,08,28,0.022798
2019,08,28,0.023338
2019,08,28,0.020889
2019,08,28,0.022580
2019,08,28,0.022572
2019,08,28,0.022569
2019,08,28,0.021090
2019,08,28,0.021097
2019,08,28,0.023573
2019,08,28,0.020857
2019,08,28,0.022937
2019,08,28,0.020846
2019,08,28,0.019563
2019,08,28,0.029084
2019,08,28,0.026190
2019,08,28,0.021093
2019,08,28,0.020848
2019,08,28,0.022677
2019,08,28,0.022389
2019,08,28,0.022831
2019,08,28,0.021211
2019,08,28,0.027940
2019,08,28,0.019806
2019,08,28,0.021131
2019,08,28,0.022229
2019,08,28,0.021144
2019,08,28,0.022866
2019,08,28,0.020857
2019,08,28,0.022771
2019,08,28,0.023185
2019,08,28,0.023236
2019,08,28,0.021345
2019,08,28,0.023286
2019,08,28,0.020902
2019,08,28,0.022769
2019,08,28,0.023060
2019,08,28,0.022569
2019,08,28,0.021366
2019,08,28,0.022789
2019,08,28,0.043861
2019,08,28,0.043527
2019,08,28,0.048573
2019,08,28,0.021330
2019,08,28,0.028315
2019,08,28,0.024011
2019,08,28,0.027888
2019,08,28,0.022891
2019,08,28,0.021243
2019,08,28,0.027330
2019,08,28,0.021775
2019,08,28,0.023473
2019,08,28,0.020304
2019,08,28,0.023903
2019,08,28,0.020795
2019,08,28,0.023025
2019,08,28,0.025839
2019,08,28,0.023619
2019,08,28,0.022498
2019,08,28,0.045420
2019,08,28,0.050386
2019,08,28,0.029895
2019,08,28,0.022730
2019,08,28,0.026929
2019,08,28,0.036820
2019,08,28,0.042278
2019,08,28,0.051799
2019,08,28,0.039804
2019,08,28,0.030089
2019,08,28,0.035682
2019,08,28,0.028696
2019,08,28,0.031392
2019,08,28,0.027925
2019,08,28,0.018212
2019,08,28,0.040064
2019,08,28,0.044046
2019,08,28,0.044575
2019,08,28,0.044560
2019,08,28,0.043212
2019,08,28,0.026432
2019,08,28,0.031572
2019,08,28,0.042901
2019,08,28,0.023874
2019,08,28,0.045707
2019,08,28,0.038445
2019,08,28,0.021291
2019,08,28,0.021016
2019,08,28,0.021750
2019,08,28,0.035599
2019,08,28,0.044234
2019,08,28,0.043109
2019,08,28,0.043575
2019,08,28,0.043388
2019,08,28,0.042049
2019,08,28,0.041737
2019,08,28,0.043440
2019,08,28,0.052472
2019,08,28,0.047151
2019,08,28,0.039609
2019,08,28,0.053622
2019,08,28,0.038030
2019,08,28,0.045047
2019,08,28,0.046353
2019,08,28,0.043174
2019,08,28,0.048780
2019,08,28,0.031500
2019,08,28,0.034829
2019,08,28,0.042525
2019,08,28,0.044537
2019,08,28,0.047018
2019,08,28,0.040990
2019,08,28,0.049698
2019,08,28,0.045284
2019,08,28,0.045287
2019,08,28,0.044415
2019,08,28,0.048314
2019,08,28,0.021365
2019,08,28,0.028076
2019,08,28,0.030887
2019,08,28,0.048915
2019,08,28,0.039634
2019,08,28,0.044749
2019,08,28,0.021995
2019,08,28,0.032615
2019,08,28,0.027602
2019,08,28,0.022736
2019,08,28,0.049428
2019,08,28,0.021830
2019,08,28,0.032189
2019,08,28,0.033239
2019,08,28,0.022503
2019,08,28,0.020158
2019,08,28,0.023990
2019,08,28,0.021785
2019,08,28,0.021146
2019,08,28,0.022812
2019,08,28,0.022689
2019,08,28,0.020710
2019,08,28,0.022541
2019,08,28,0.016815
2019,08,28,0.032966
2019,08,28,0.020570
2019,08,28,0.030541
2019,08,28,0.040913
2019,08,28,0.015768
2019,08,28,0.013659
2019,08,28,0.014958
2019,08,28,0.012225
2019,08,28,0.020751
2019,08,28,0.052706
2019,08,28,0.021013
2019,08,28,0.020766
2019,08,28,0.023066
2019,08,28,0.022658
2019,08,28,0.022815
2019,08,28,0.022505
2019,08,28,0.027597
2019,08,28,0.021390
2019,08,28,0.027381
2019,08,28,0.021382
2019,08,28,0.028179
2019,08,28,0.018959
2019,08,28,0.028072
2019,08,28,0.023053
2019,08,28,0.021647
2019,08,28,0.024294
2019,08,28,0.022654
2019,08,28,0.022064
2019,08,28,0.022687
2019,08,28,0.023941
2019,08,28,0.020954
2019,08,28,0.020833
2019,08,28,0.023062
2019,08,28,0.022564
2019,08,28,0.023570
2019,08,28,0.023587
2019,08,28,0.025786
2019,08,28,0.021806
2019,08,28,0.026611
2019,08,28,0.022055
2019,08,28,0.025403
2019,08,28,0.023538
2019,08,28,0.022856
2019,08,28,0.023177
2019,08,28,0.022922
2019,08,28,0.023024
2019,08,28,0.023753
2019,08,28,0.022132
2019,08,28,0.020884
2019,08,28,0.023674
2019,08,28,0.022500
2019,08,28,0.029704
2019,08,28,0.027571
2019,08,28,0.021764
2019,08,28,0.018234
2019,08,28,0.021013
2019,08,28,0.025657
2019,08,28,0.023846
2019,08,28,0.022753
2019,08,28,0.022477
2019,08,28,0.020998
2019,08,28,0.022990
2019,08,28,0.022727
2019,08,28,0.022785
2019,08,28,0.021964
2019,08,28,0.022980
2019,08,28,0.022361
2019,08,28,0.022758
2019,08,28,0.022556
2019,08,28,0.022696
2019,08,28,0.022882
2019,08,28,0.021912
2019,08,28,0.021178
2019,08,28,0.026307
2019,08,28,0.021314
2019,08,28,0.021996
2019,08,28,0.017413
2019,08,28,0.022078
2019,08,28,0.024835
2019,08,28,0.027040
2019,08,28,0.021403
2019,08,28,0.050491
2019,08,28,0.025131
2019,08,28,0.023386
2019,08,28,0.023398
2019,08,28,0.020951
2019,08,28,0.022456
2019,08,28,0.023590
2019,08,28,0.023447
2019,08,28,0.021020
2019,08,28,0.021358
2019,08,28,0.024459
2019,08,28,0.022030
2019,08,28,0.022260
2019,08,28,0.020969
2019,08,28,0.022578
2019,08,28,0.025212
2019,08,28,0.022840
2019,08,28,0.022560
2019,08,28,0.021372
2019,08,28,0.020961
2019,08,28,0.022703
2019,08,28,0.022954
2019,08,28,0.022495
2019,08,28,0.032366
2019,08,28,0.026224
2019,08,28,0.021238
2019,08,28,0.023795
2019,08,28,0.022619
2019,08,28,0.022731
2019,08,28,0.025890
2019,08,28,0.021095
2019,08,28,0.022494
2019,08,28,0.022512
2019,08,28,0.022548
2019,08,28,0.022492
2019,08,28,0.021827
2019,08,28,0.026828
2019,08,28,0.024178
2019,08,28,0.021111
2019,08,28,0.022869
2019,08,28,0.025487
2019,08,28,0.017989
2019,08,28,0.020914
2019,08,28,0.026529
2019,08,28,0.026024
2019,08,28,0.027889
2019,08,28,0.019629
2019,08,28,0.046386
2019,08,28,0.022725
2019,08,28,0.022528
2019,08,28,0.021887
2019,08,28,0.022521
2019,08,28,0.023845
2019,08,28,0.023230
2019,08,28,0.020926
2019,08,28,0.020977
2019,08,28,0.022533
2019,08,28,0.020979
2019,08,28,0.023610
2019,08,28,0.020918
2019,08,28,0.022446
2019,08,28,0.031423
2019,08,28,0.022328
2019,08,28,0.021546
2019,08,28,0.036045
2019,08,28,0.062105
2019,08,28,0.039303
2019,08,28,0.040205
2019,08,28,0.045919
2019,08,28,0.041887
2019,08,28,0.040410
2019,08,28,0.035872
2019,08,28,0.031105
2019,08,28,0.025668
2019,08,28,0.021952
2019,08,28,0.027213
2019,08,28,0.033185
2019,08,28,0.035496
2019,08,28,0.022624
2019,08,28,0.023722
2019,08,28,0.017758
2019,08,28,0.021374
2019,08,28,0.024797
2019,08,28,0.020282
2019,08,28,0.022260
2019,08,28,0.031030
2019,08,28,0.044195
2019,08,28,0.045308
2019,08,28,0.043022
2019,08,28,0.042627
2019,08,28,0.024033
2019,08,28,0.042106
2019,08,28,0.023816
2019,08,28,0.031467
2019,08,28,0.035647
2019,08,28,0.036883
2019,08,28,0.039042
2019,08,28,0.041770
2019,08,28,0.044802
2019,08,28,0.041851
2019,08,28,0.043927
2019,08,28,0.040720
2019,08,28,0.040514
2019,08,28,0.042758
2019,08,28,0.023582
2019,08,28,0.018743
2019,08,28,0.043581
2019,08,28,0.043697
2019,08,28,0.026239
2019,08,28,0.034220
2019,08,28,0.044890
2019,08,28,0.026378
2019,08,28,0.054530
2019,08,28,0.038258
2019,08,28,0.039406
2019,08,28,0.046059
2019,08,28,0.025584
2019,08,28,0.048974
2019,08,28,0.046801
2019,08,28,0.028150
2019,08,28,0.032111
2019,08,28,0.046659
2019,08,28,0.034113
2019,08,28,0.030545
2019,08,28,0.044418
2019,08,28,0.034682
2019,08,28,0.038287
2019,08,28,0.029140
2019,08,28,0.039329
2019,08,28,0.078569
2019,08,28,0.027591
2019,08,28,0.036330
2019,08,28,0.024144
2019,08,28,0.037197
2019,08,28,0.029542
2019,08,28,0.038606
2019,08,28,0.022856
2019,08,28,0.020955
2019,08,28,0.022662
2019,08,28,0.015406
2019,08,28,0.032578
2019,08,28,0.036156
2019,08,28,0.023562
2019,08,28,0.014824
2019,08,28,0.029571
2019,08,28,0.023699
2019,08,28,0.019255
2019,08,28,0.023021
2019,08,28,0.035260
2019,08,28,0.019641
2019,08,28,0.025989
2019,08,28,0.042085
2019,08,28,0.039678
2019,08,28,0.038399
2019,08,28,0.017934
2019,08,28,0.025394
2019,08,28,0.040091
2019,08,28,0.020698
2019,08,28,0.040766
2019,08,28,0.025606
2019,08,28,0.021428
2019,08,28,0.029902
2019,08,28,0.019938
2019,08,28,0.020915
2019,08,28,0.023043
2019,08,28,0.051927
2019,08,28,0.039652
2019,08,28,0.082966
2019,08,28,0.058651
2019,08,28,0.027374
2019,08,28,0.037231
2019,08,28,0.040569
2019,08,28,0.053262
2019,08,28,0.034269
2019,08,28,0.023861
2019,08,28,0.028765
2019,08,28,0.045658
2019,08,28,0.033068
2019,08,28,0.021473
2019,08,28,0.022714
2019,08,28,0.048741
2019,08,28,0.023518
2019,08,28,0.023877
2019,08,28,0.022526
2019,08,28,0.046738
2019,08,28,0.032520
2019,08,28,0.027169
2019,08,28,0.047452
2019,08,28,0.043445
2019,08,28,0.047563
2019,08,28,0.034845
2019,08,28,0.057994
2019,08,28,0.041610
2019,08,28,0.042572
2019,08,28,0.036103
2019,08,28,0.042137
2019,08,28,0.047022
2019,08,28,0.027927
2019,08,28,0.029890
2019,08,28,0.021941
2019,08,28,0.047545
2019,08,28,0.035171
2019,08,28,0.036714
2019,08,28,0.040848
2019,08,28,0.040295
2019,08,28,0.039790
2019,08,28,0.029946
2019,08,28,0.028344
2019,08,28,0.045561
2019,08,28,0.051209
2019,08,28,0.038076
2019,08,28,0.025573
2019,08,28,0.019362
2019,08,28,0.052463
2019,08,28,0.038950
2019,08,28,0.026717
2019,08,28,0.021125
2019,08,28,0.021672
2019,08,28,0.039931
2019,08,28,0.031332
2019,08,28,0.019316
2019,08,28,0.024507
2019,08,28,0.023774
2019,08,28,0.031153
2019,08,28,0.044385
2019,08,28,0.042718
2019,08,28,0.041696
2019,08,28,0.109127
2019,08,28,0.029815
2019,08,28,0.041714
2019,08,28,0.043117
2019,08,28,0.044014
2019,08,28,0.054058
2019,08,28,0.022441
2019,08,28,0.033104
2019,08,28,0.045117
2019,08,28,0.027794
2019,08,28,0.034532
2019,08,28,0.045235
2019,08,28,0.041681
2019,08,28,0.046240
2019,08,28,0.045895
2019,08,28,0.043787
2019,08,28,0.054788
2019,08,28,0.024013
2019,08,28,0.020099
2019,08,28,0.026386
2019,08,28,0.026849
2019,08,28,0.042799
2019,08,28,0.026066
2019,08,28,0.017792
2019,08,28,0.024213
2019,08,28,0.033258
2019,08,28,0.052066
2019,08,28,0.044116
2019,08,28,0.037796
2019,08,28,0.035778
2019,08,28,0.039409
2019,08,28,0.034141
2019,08,28,0.034626
2019,08,28,0.034948
2019,08,28,0.033194
2019,08,28,0.023594
2019,08,28,0.031159
2019,08,28,0.019908
2019,08,28,0.024108
2019,08,28,0.021078
2019,08,28,0.023331
2019,08,28,0.021061
2019,08,28,0.021755
2019,08,28,0.022721
2019,08,28,0.022789
2019,08,28,0.023056
2019,08,28,0.022567
2019,08,28,0.022613
2019,08,28,0.022481
2019,08,28,0.021888
2019,08,28,0.021355
2019,08,28,0.021378
2019,08,28,0.022933
2019,08,28,0.022996
2019,08,28,0.022962
2019,08,28,0.023285
2019,08,28,0.021586
2019,08,28,0.020575
2019,08,28,0.022913
2019,08,28,0.020711
2019,08,28,0.020534
2019,08,28,0.022500
2019,08,28,0.024563
2019,08,28,0.026155
2019,08,28,0.020918
2019,08,28,0.023080
2019,08,28,0.021791
2019,08,28,0.020432
2019,08,28,0.020746
2019,08,28,0.026440
2019,08,28,0.020651
2019,08,28,0.030668
2019,08,28,0.022548
2019,08,28,0.022336
2019,08,28,0.022835
2019,08,28,0.019881
2019,08,28,0.022828
2019,08,28,0.022747
2019,08,28,0.023149
2019,08,28,0.022674
2019,08,28,0.020673
2019,08,28,0.020882
2019,08,28,0.021950
2019,08,28,0.021574
2019,08,28,0.021390
2019,08,28,0.020539
2019,08,28,0.023311
2019,08,28,0.022685
2019,08,28,0.021505
2019,08,28,0.019679
2019,08,28,0.027670
2019,08,28,0.024639
2019,08,28,0.024970
2019,08,28,0.030189
2019,08,28,0.023597
2019,08,28,0.044935
2019,08,28,0.061987
2019,08,28,0.045024
2019,08,28,0.037657
2019,08,28,0.037931
2019,08,28,0.037037
2019,08,28,0.045035
2019,08,28,0.037466
2019,08,28,0.023575
2019,08,28,0.037157
2019,08,28,0.041936
2019,08,28,0.054713
2019,08,28,0.022519
2019,08,28,0.025283
2019,08,28,0.029938
2019,08,28,0.055365
2019,08,28,0.023010
2019,08,28,0.021593
2019,08,28,0.019691
2019,08,28,0.019830
2019,08,28,0.029897
2019,08,28,0.029713
2019,08,28,0.032516
2019,08,28,0.027298
2019,08,28,0.027999
2019,08,28,0.042613
2019,08,28,0.048438
2019,08,28,0.031692
2019,08,28,0.023248
2019,08,28,0.037001
2019,08,28,0.043800
2019,08,28,0.035367
2019,08,28,0.046461
2019,08,28,0.022255
2019,08,28,0.031762
2019,08,28,0.049275
2019,08,28,0.042858
2019,08,28,0.036303
2019,08,28,0.042646
2019,08,28,0.020954
2019,08,28,0.021646
2019,08,28,0.041037
2019,08,28,0.026891
2019,08,28,0.023073
2019,08,28,0.042864
2019,08,28,0.072355
2019,08,28,0.048607
2019,08,28,0.045052
2019,08,28,0.036902
2019,08,28,0.026949
2019,08,28,0.057624
2019,08,28,0.042121
2019,08,28,0.041682
2019,08,28,0.039355
2019,08,28,0.027968
2019,08,28,0.025580
2019,08,28,0.111455
2019,08,28,0.031567
2019,08,28,0.015700
2019,08,28,0.036200
2019,08,28,0.055615
2019,08,28,0.020762
2019,08,28,0.026289
2019,08,28,0.032628
2019,08,28,0.027978
2019,08,28,0.025655
2019,08,28,0.026713
2019,08,28,0.021754
2019,08,28,0.023014
2019,08,28,0.036791
2019,08,28,0.026938
2019,08,28,0.060803
2019,08,28,0.020686
2019,08,28,0.022216
2019,08,28,0.025052
2019,08,28,0.028037
2019,08,28,0.033812
2019,08,28,0.050113
2019,08,28,0.044753
2019,08,28,0.039716
2019,08,28,0.052417
2019,08,28,0.030369
2019,08,28,0.055674
2019,08,28,0.048358
2019,08,28,0.039832
2019,08,28,0.036610
2019,08,28,0.039660
2019,08,28,0.069225
2019,08,28,0.061324
2019,08,28,0.023952
2019,08,28,0.052321
2019,08,28,0.028394
2019,08,28,0.033755
2019,08,28,0.035422
2019,08,28,0.044471
2019,08,28,0.063239
2019,08,28,0.057828
2019,08,28,0.048449
2019,08,28,0.024377
2019,08,28,0.021192
2019,08,28,0.027303
2019,08,28,0.034548
2019,08,28,0.036426
2019,08,28,0.029141
2019,08,28,0.024805
2019,08,28,0.045142
2019,08,28,0.054776
2019,08,28,0.044030
2019,08,28,0.037443
2019,08,28,0.024795
2019,08,28,0.023428
2019,08,28,0.051654
2019,08,28,0.067285
2019,08,28,0.022656
2019,08,28,0.022983
2019,08,28,0.024625
2019,08,28,0.022751
2019,08,28,0.023449
2019,08,28,0.021328
2019,08,28,0.023136
2019,08,28,0.023868
2019,08,28,0.020951
2019,08,28,0.022355
2019,08,28,0.021055
2019,08,28,0.020577
2019,08,28,0.020731
2019,08,28,0.030499
2019,08,28,0.025953
2019,08,28,0.022389
2019,08,28,0.033672
2019,08,28,0.022733
2019,08,28,0.023549
2019,08,28,0.021226
2019,08,28,0.023574
2019,08,28,0.022139
2019,08,28,0.020894
2019,08,28,0.021025
2019,08,28,0.030317
2019,08,28,0.026338
2019,08,28,0.020816
2019,08,28,0.023021
2019,08,28,0.022478
2019,08,28,0.022608
2019,08,28,0.021008
2019,08,28,0.020890
2019,08,28,0.020657
2019,08,28,0.022142
2019,08,28,0.023546
2019,08,28,0.021018
2019,08,28,0.025070
2019,08,28,0.025676
2019,08,28,0.024759
2019,08,28,0.025966
2019,08,28,0.020182
2019,08,28,0.021801
2019,08,28,0.022764
2019,08,28,0.023397
2019,08,28,0.020811
2019,08,28,0.023558
2019,08,28,0.021198
2019,08,28,0.033215
2019,08,28,0.026847
2019,08,28,0.014795
2019,08,28,0.025491
2019,08,28,0.022232
2019,08,28,0.024598
2019,08,28,0.021767
2019,08,28,0.023723
2019,08,28,0.022452
2019,08,28,0.021218
2019,08,28,0.022329
2019,08,28,0.021085
2019,08,28,0.024277
2019,08,28,0.023107
2019,08,28,0.021078
2019,08,28,0.024532
2019,08,28,0.021283
2019,08,28,0.021020
2019,08,28,0.026686
2019,08,28,0.022111
2019,08,28,0.020992
2019,08,28,0.023087
2019,08,28,0.022555
2019,08,28,0.021132
2019,08,28,0.023131
2019,08,28,0.020904
2019,08,28,0.023290
2019,08,28,0.023060
2019,08,28,0.020921
2019,08,28,0.022642
2019,08,28,0.022796
2019,08,28,0.021094
2019,08,28,0.022882
2019,08,28,0.023688
2019,08,28,0.022844
2019,08,28,0.019796
2019,08,28,0.022555
2019,08,28,0.020812
2019,08,28,0.023900
2019,08,28,0.023302
2019,08,28,0.021012
2019,08,28,0.022902
2019,08,28,0.023007
2019,08,28,0.020959
2019,08,28,0.022518
2019,08,28,0.020872
2019,08,28,0.023617
2019,08,28,0.020886
2019,08,28,0.023627
2019,08,28,0.021214
2019,08,28,0.023635
2019,08,28,0.023275
2019,08,28,0.020985
2019,08,28,0.022574
2019,08,28,0.023295
2019,08,28,0.021188
2019,08,28,0.022549
2019,08,28,0.022479
2019,08,28,0.021096
2019,08,28,0.023470
2019,08,28,0.041395
2019,08,28,0.022652
2019,08,28,0.022735
2019,08,28,0.021193
2019,08,28,0.021007
2019,08,28,0.020828
2019,08,28,0.021005
2019,08,28,0.023733
2019,08,28,0.021365
2019,08,28,0.025963
2019,08,28,0.023292
2019,08,28,0.023279
2019,08,28,0.022258
2019,08,28,0.022420
2019,08,28,0.021986
2019,08,28,0.024315
2019,08,28,0.021076
2019,08,28,0.020816
2019,08,28,0.021201
2019,08,28,0.023325
2019,08,28,0.021126
2019,08,28,0.024742
2019,08,28,0.021422
2019,08,28,0.020802
2019,08,28,0.023329
2019,08,28,0.021168
2019,08,28,0.023497
2019,08,28,0.022891
2019,08,28,0.021423
2019,08,28,0.021068
2019,08,28,0.022245
2019,08,28,0.023721
2019,08,28,0.021408
2019,08,28,0.023595
2019,08,28,0.021421
2019,08,28,0.021020
2019,08,28,0.024274
2019,08,28,0.022648
2019,08,28,0.021103
2019,08,28,0.024515
2019,08,28,0.020989
2019,08,28,0.021271
2019,08,28,0.024078
2019,08,28,0.022149
2019,08,28,0.023150
2019,08,28,0.023769
2019,08,28,0.020977
2019,08,28,0.025386
2019,08,28,0.022914
2019,08,28,0.020954
2019,08,28,0.023316
2019,08,28,0.020899
2019,08,28,0.022924
2019,08,28,0.021983
2019,08,28,0.022781
2019,08,28,0.022993
2019,08,28,0.021797
2019,08,28,0.022799
2019,08,28,0.023512
2019,08,28,0.023575
2019,08,28,0.021306
2019,08,28,0.020829
2019,08,28,0.032175
2019,08,28,0.027805
2019,08,28,0.026409
2019,08,28,0.044671
2019,08,28,0.020459
2019,08,28,0.025152
2019,08,28,0.023138
2019,08,28,0.021085
2019,08,28,0.020600
2019,08,28,0.021510
2019,08,28,0.021925
2019,08,28,0.018275
2019,08,28,0.023037
2019,08,28,0.023003
2019,08,28,0.022778
2019,08,28,0.022695
2019,08,28,0.023537
2019,08,28,0.021177
2019,08,28,0.023537
2019,08,28,0.026413
2019,08,28,0.021193
2019,08,28,0.021012
2019,08,28,0.022950
2019,08,28,0.021839
2019,08,28,0.021621
2019,08,28,0.023105
2019,08,28,0.046646
2019,08,28,0.023109
2019,08,28,0.021879
2019,08,28,0.015523
2019,08,28,0.027785
2019,08,28,0.023160
2019,08,28,0.029282
2019,08,28,0.023755
2019,08,28,0.016957
2019,08,28,0.043846
2019,08,28,0.042579
2019,08,28,0.050573
2019,08,28,0.038033
2019,08,28,0.038057
2019,08,28,0.039351
2019,08,28,0.057758
2019,08,28,0.020046
2019,08,28,0.035869
2019,08,28,0.034498
2019,08,28,0.022306
2019,08,28,0.037372
2019,08,28,0.037207
2019,08,28,0.031298
2019,08,28,0.022913
2019,08,28,0.018947
2019,08,28,0.033541
2019,08,28,0.025877
2019,08,28,0.021075
2019,08,28,0.039123
2019,08,28,0.045588
2019,08,28,0.040871
2019,08,28,0.052539
2019,08,28,0.031847
2019,08,28,0.055274
2019,08,28,0.044152
2019,08,28,0.047914
2019,08,28,0.045550
2019,08,28,0.033469
2019,08,28,0.029535
2019,08,28,0.027442
2019,08,28,0.041736
2019,08,28,0.039110
2019,08,28,0.039447
2019,08,28,0.044488
2019,08,28,0.031170
2019,08,28,0.030294
2019,08,28,0.021658
2019,08,28,0.033040
2019,08,28,0.016105
2019,08,28,0.037565
2019,08,28,0.047347
2019,08,28,0.036298
2019,08,28,0.048808
2019,08,28,0.026958
2019,08,28,0.020908
2019,08,28,0.024144
2019,08,28,0.021083
2019,08,28,0.020685
2019,08,28,0.023181
2019,08,28,0.023985
2019,08,28,0.022620
2019,08,28,0.024586
2019,08,28,0.022830
2019,08,28,0.023524
2019,08,28,0.022724
2019,08,28,0.020725
2019,08,28,0.022245
2019,08,28,0.022533
2019,08,28,0.021136
2019,08,28,0.022741
2019,08,28,0.023566
2019,08,28,0.021221
2019,08,28,0.023384
2019,08,28,0.020592
2019,08,28,0.020868
2019,08,28,0.022579
2019,08,28,0.023191
2019,08,28,0.021073
2019,08,28,0.020761
2019,08,28,0.022930
2019,08,28,0.022867
2019,08,28,0.020996
2019,08,28,0.023161
2019,08,28,0.020892
2019,08,28,0.023243
2019,08,28,0.020875
2019,08,28,0.021070
2019,08,28,0.022666
2019,08,28,0.022337
2019,08,28,0.020980
2019,08,28,0.023486
2019,08,28,0.023126
2019,08,28,0.022534
2019,08,28,0.023036
2019,08,28,0.023143
2019,08,28,0.022714
2019,08,28,0.020461
2019,08,28,0.024440
2019,08,28,0.021042
2019,08,28,0.020723
2019,08,28,0.020767
2019,08,28,0.023630
2019,08,28,0.023450
2019,08,28,0.023227
2019,08,28,0.023207
2019,08,28,0.021123
2019,08,28,0.022435
2019,08,28,0.024029
2019,08,28,0.025566
2019,08,28,0.023465
2019,08,28,0.022648
2019,08,28,0.020884
2019,08,28,0.022570
2019,08,28,0.022586
2019,08,28,0.039033
2019,08,28,0.022415
2019,08,28,0.020764
2019,08,28,0.024736
2019,08,28,0.021080
2019,08,28,0.020949
2019,08,28,0.022865
2019,08,28,0.022686
2019,08,28,0.020996
2019,08,28,0.025254
2019,08,28,0.021177
2019,08,28,0.022273
2019,08,28,0.021247
2019,08,28,0.030133
2019,08,28,0.020664
2019,08,28,0.021029
2019,08,28,0.022658
2019,08,28,0.022660
2019,08,28,0.023825
2019,08,28,0.020723
2019,08,28,0.026347
2019,08,28,0.023103
2019,08,28,0.020769
2019,08,28,0.022862
2019,08,28,0.025439
2019,08,28,0.020052
2019,08,28,0.020866
2019,08,28,0.021699
2019,08,28,0.021242
2019,08,28,0.051702
2019,08,28,0.026161
2019,08,28,0.024366
2019,08,28,0.020948
2019,08,28,0.021000
2019,08,28,0.021145
2019,08,28,0.021065
2019,08,28,0.020798
2019,08,28,0.024020
2019,08,28,0.023405
2019,08,28,0.022379
2019,08,28,0.023518
2019,08,28,0.020948
2019,08,28,0.022545
2019,08,28,0.026970
2019,08,28,0.019386
2019,08,28,0.021063
2019,08,28,0.022973
2019,08,28,0.021109
2019,08,28,0.023257
2019,08,28,0.024184
2019,08,28,0.020935
2019,08,28,0.022402
2019,08,28,0.022893
2019,08,28,0.021103
2019,08,28,0.023699
2019,08,28,0.022394
2019,08,28,0.020954
2019,08,28,0.022807
2019,08,28,0.023464
2019,08,28,0.020959
2019,08,28,0.021931
2019,08,28,0.021323
2019,08,28,0.022234
2019,08,28,0.021002
2019,08,28,0.021105
2019,08,28,0.023740
2019,08,28,0.021059
2019,08,28,0.021067
2019,08,28,0.023220
2019,08,28,0.021109
2019,08,28,0.024067
2019,08,28,0.021305
2019,08,28,0.028591
2019,08,28,0.037811
2019,08,28,0.045434
2019,08,28,0.050425
2019,08,28,0.043600
2019,08,28,0.024186
2019,08,28,0.020750
2019,08,28,0.032472
2019,08,28,0.021344
2019,08,28,0.024625
2019,08,28,0.022286
2019,08,28,0.026742
2019,08,28,0.031011
2019,08,28,0.030469
2019,08,28,0.031911
2019,08,28,0.020617
2019,08,28,0.027920
2019,08,28,0.021075
2019,08,28,0.031413
2019,08,28,0.019516
2019,08,28,0.027727
2019,08,28,0.020632
2019,08,28,0.025816
2019,08,28,0.031963
2019,08,28,0.022195
2019,08,28,0.036721
2019,08,28,0.046774
2019,08,28,0.046111
2019,08,28,0.045827
2019,08,28,0.021448
2019,08,28,0.027528
2019,08,28,0.023028
2019,08,28,0.028011
2019,08,28,0.037812
2019,08,28,0.023094
2019,08,28,0.023763
2019,08,28,0.038571
2019,08,28,0.042402
2019,08,28,0.054389
2019,08,28,0.039367
2019,08,28,0.043145
2019,08,28,0.053725
2019,08,28,0.042922
2019,08,28,0.041543
2019,08,28,0.041787
2019,08,28,0.048535
2019,08,28,0.041697
2019,08,28,0.025852
2019,08,28,0.032118
2019,08,28,0.026590
2019,08,28,0.023742
2019,08,28,0.036833
2019,08,28,0.048233
2019,08,28,0.043719
2019,08,28,0.033331
2019,08,28,0.017630
2019,08,28,0.029720
2019,08,28,0.036596
2019,08,28,0.026089
2019,08,28,0.024111
2019,08,28,0.042369
2019,08,28,0.049833
2019,08,28,0.032696
2019,08,28,0.036978
2019,08,28,0.023812
2019,08,28,0.031316
2019,08,28,0.020919
2019,08,28,0.031352
2019,08,28,0.025101
2019,08,28,0.019200
2019,08,28,0.036465
2019,08,28,0.029419
2019,08,28,0.044669
2019,08,28,0.043547
2019,08,28,0.044002
2019,08,28,0.023635
2019,08,28,0.023732
2019,08,28,0.045614
2019,08,28,0.049076
2019,08,28,0.022708
2019,08,28,0.034130
2019,08,28,0.021562
2019,08,28,0.041834
2019,08,28,0.042641
2019,08,28,0.042372
2019,08,28,0.044346
2019,08,28,0.046433
2019,08,28,0.045482
2019,08,28,0.044626
2019,08,28,0.042756
2019,08,28,0.051057
2019,08,28,0.023619
2019,08,28,0.024240
2019,08,28,0.028741
2019,08,28,0.024420
2019,08,28,0.043332
2019,08,28,0.024080
2019,08,28,0.023857
2019,08,28,0.026523
2019,08,28,0.059395
2019,08,28,0.040135
2019,08,28,0.042252
2019,08,28,0.044203
2019,08,28,0.043262
2019,08,28,0.042090
2019,08,28,0.042516
2019,08,28,0.045132
2019,08,28,0.040975
2019,08,28,0.036041
2019,08,28,0.027648
2019,08,28,0.027657
2019,08,28,0.042275
2019,08,28,0.040313
2019,08,28,0.045935
2019,08,28,0.040954
2019,08,28,0.041724
2019,08,28,0.047939
2019,08,28,0.041242
2019,08,28,0.046718
2019,08,28,0.042108
2019,08,28,0.042158
2019,08,28,0.044196
2019,08,28,0.039689
2019,08,28,0.043566
2019,08,28,0.042263
2019,08,28,0.044336
2019,08,28,0.043089
2019,08,28,0.040060
2019,08,28,0.039803
2019,08,28,0.030578
2019,08,28,0.031883
2019,08,28,0.028304
2019,08,28,0.021632
2019,08,28,0.022650
2019,08,28,0.037177
2019,08,28,0.045641
2019,08,28,0.044219
2019,08,28,0.027580
2019,08,28,0.022030
2019,08,28,0.024964
2019,08,28,0.029531
2019,08,28,0.022563
2019,08,28,0.021364
2019,08,28,0.023390
2019,08,28,0.030420
2019,08,28,0.023886
2019,08,28,0.016297
2019,08,28,0.020607
2019,08,28,0.018602
2019,08,28,0.022614
2019,08,28,0.022429
2019,08,28,0.031283
2019,08,28,0.024549
2019,08,28,0.021055
2019,08,28,0.020470
2019,08,28,0.019942
2019,08,28,0.038219
2019,08,28,0.056481
2019,08,28,0.028136
2019,08,28,0.026615
2019,08,28,0.045817
2019,08,28,0.040653
2019,08,28,0.041071
2019,08,28,0.042937
2019,08,28,0.046076
2019,08,28,0.044216
2019,08,28,0.045650
2019,08,28,0.042262
2019,08,28,0.046950
2019,08,28,0.045147
2019,08,28,0.043126
2019,08,28,0.055099
2019,08,28,0.038524
2019,08,28,0.054116
2019,08,28,0.050345
2019,08,28,0.044631
2019,08,28,0.040094
2019,08,28,0.031691
2019,08,28,0.027177
2019,08,28,0.042851
2019,08,28,0.037105
2019,08,28,0.017833
2019,08,28,0.066639
2019,08,28,0.020837
2019,08,28,0.023748
2019,08,28,0.043406
2019,08,28,0.038632
2019,08,28,0.043278
2019,08,28,0.044173
2019,08,28,0.047039
2019,08,28,0.040819
2019,08,28,0.047950
2019,08,28,0.051122
2019,08,28,0.020598
2019,08,28,0.025768
2019,08,28,0.041147
2019,08,28,0.026555
2019,08,28,0.027800
2019,08,28,0.043861
2019,08,28,0.042903
2019,08,28,0.045759
2019,08,28,0.043924
2019,08,28,0.043179
2019,08,28,0.040161
2019,08,28,0.030063
2019,08,28,0.019737
2019,08,28,0.032330
2019,08,28,0.044571
2019,08,28,0.042361
2019,08,28,0.043036
2019,08,28,0.041824
2019,08,28,0.043861
2019,08,28,0.044062
2019,08,28,0.046972
2019,08,28,0.041582
2019,08,28,0.051513
2019,08,28,0.044570
2019,08,28,0.042355
2019,08,28,0.041206
2019,08,28,0.044361
2019,08,28,0.041629
2019,08,28,0.060641
2019,08,28,0.043859
2019,08,28,0.043595
2019,08,28,0.040997
2019,08,28,0.053862
2019,08,28,0.029709
2019,08,28,0.031637
2019,08,28,0.020082
2019,08,28,0.038045
2019,08,28,0.021757
2019,08,28,0.015959
2019,08,28,0.045428
2019,08,28,0.042790
2019,08,28,0.025764
2019,08,28,0.046226
2019,08,28,0.023850
2019,08,28,0.025208
2019,08,28,0.021804
2019,08,28,0.030426
2019,08,28,0.022117
2019,08,28,0.023652
2019,08,28,0.029365
2019,08,28,0.047699
2019,08,28,0.045187
2019,08,28,0.040306
2019,08,28,0.041206
2019,08,28,0.043254
2019,08,28,0.054215
2019,08,28,0.053237
2019,08,28,0.044253
2019,08,28,0.020612
2019,08,28,0.021687
2019,08,28,0.022751
2019,08,28,0.018357
2019,08,28,0.020878
2019,08,28,0.020719
2019,08,28,0.022031
2019,08,28,0.023895
2019,08,28,0.020765
2019,08,28,0.023424
2019,08,28,0.023214
2019,08,28,0.022368
2019,08,28,0.023423
2019,08,28,0.021259
2019,08,28,0.022772
2019,08,28,0.087932
2019,08,28,0.038843
2019,08,28,0.024786
2019,08,28,0.020134
2019,08,28,0.021137
2019,08,28,0.022724
2019,08,28,0.021150
2019,08,28,0.020974
2019,08,28,0.022461
2019,08,28,0.022650
2019,08,28,0.025282
2019,08,28,0.019409
2019,08,28,0.021054
2019,08,28,0.022880
2019,08,28,0.020823
2019,08,28,0.022783
2019,08,28,0.020756
2019,08,28,0.022332
2019,08,28,0.032346
2019,08,28,0.023694
2019,08,28,0.020849
2019,08,28,0.022347
2019,08,28,0.026053
2019,08,28,0.018836
2019,08,28,0.020828
2019,08,28,0.020910
2019,08,28,0.022172
2019,08,28,0.034105
2019,08,28,0.024346
2019,08,28,0.021110
2019,08,28,0.020946
2019,08,28,0.020604
2019,08,28,0.022741
2019,08,28,0.023110
2019,08,28,0.022701
2019,08,28,0.022619
2019,08,28,0.023544
2019,08,28,0.036464
2019,08,28,0.020745
2019,08,28,0.022761
2019,08,28,0.022594
2019,08,28,0.021273
2019,08,28,0.022918
2019,08,28,0.023760
2019,08,28,0.019019
2019,08,28,0.047718
2019,08,28,0.023583
2019,08,28,0.022020
2019,08,28,0.047989
2019,08,28,0.029376
2019,08,28,0.027494
2019,08,28,0.022037
2019,08,28,0.048969
2019,08,28,0.030956
2019,08,28,0.038186
2019,08,28,0.039979
2019,08,28,0.043045
2019,08,28,0.045615
2019,08,28,0.041759
2019,08,28,0.044878
2019,08,28,0.045011
2019,08,28,0.042685
2019,08,28,0.039858
2019,08,28,0.047668
2019,08,28,0.041751
2019,08,28,0.044904
2019,08,28,0.042810
2019,08,28,0.034373
2019,08,28,0.043110
2019,08,28,0.043439
2019,08,28,0.044934
2019,08,28,0.044351
2019,08,28,0.041385
2019,08,28,0.041193
2019,08,28,0.037807
2019,08,28,0.040249
2019,08,28,0.022989
2019,08,28,0.037939
2019,08,28,0.019141
2019,08,28,0.034084
2019,08,28,0.035126
2019,08,28,0.049143
2019,08,28,0.051466
2019,08,28,0.047107
2019,08,28,0.032771
2019,08,28,0.026688
2019,08,28,0.035035
2019,08,28,0.043140
2019,08,28,0.038688
2019,08,28,0.045974
2019,08,28,0.267118
2019,08,28,0.041364
2019,08,28,0.028850
2019,08,28,0.029147
2019,08,28,0.027193
2019,08,28,0.031816
2019,08,28,0.023057
2019,08,28,0.031949
2019,08,28,0.029175
2019,08,28,0.024587
2019,08,28,0.025860
2019,08,28,0.020616
2019,08,28,0.022510
2019,08,28,0.025379
2019,08,28,0.030990
2019,08,28,0.029121
2019,08,28,0.020880
2019,08,28,0.031309
2019,08,28,0.043015
2019,08,28,0.045272
2019,08,28,0.028556
2019,08,28,0.028618
2019,08,28,0.023128
2019,08,28,0.025715
2019,08,28,0.147956
2019,08,28,0.043626
2019,08,28,0.020088
2019,08,28,0.125662
2019,08,28,0.043087
2019,08,28,0.035803
2019,08,28,0.069169
2019,08,28,0.048683
2019,08,28,0.019624
2019,08,28,0.025234
2019,08,28,0.025543
2019,08,28,0.043216
2019,08,28,0.031777
2019,08,28,0.022143
2019,08,28,0.024161
2019,08,28,0.026053
2019,08,28,0.038299
2019,08,28,0.036746
2019,08,28,0.033991
2019,08,28,0.026715
2019,08,28,0.025797
2019,08,28,0.041523
2019,08,28,0.031155
2019,08,28,0.017415
2019,08,28,0.024659
2019,08,28,0.037942
2019,08,28,0.059895
2019,08,28,0.026570
2019,08,28,0.023967
2019,08,28,0.026761
2019,08,28,0.032132
2019,08,28,0.028684
2019,08,28,0.022203
2019,08,28,0.021940
2019,08,28,0.022263
2019,08,28,0.030992
2019,08,28,0.025775
2019,08,28,0.020798
2019,08,28,0.022777
2019,08,28,0.021649
2019,08,28,0.023616
2019,08,28,0.022371
2019,08,28,0.033378
2019,08,28,0.026805
2019,08,28,0.028178
2019,08,28,0.022225
2019,08,28,0.030057
2019,08,28,0.023333
2019,08,28,0.036718
2019,08,28,0.042450
2019,08,28,0.030841
2019,08,28,0.028554
2019,08,28,0.039588
2019,08,28,0.028227
2019,08,28,0.027778
2019,08,28,0.032692
2019,08,28,0.051121
2019,08,28,0.045127
2019,08,28,0.032750
2019,08,28,0.023497
2019,08,28,0.021855
2019,08,28,0.024357
2019,08,28,0.022878
2019,08,28,0.019751
2019,08,28,0.034076
2019,08,28,0.050262
2019,08,28,0.020221
2019,08,28,0.024717
2019,08,28,0.020035
2019,08,28,0.037147
2019,08,28,0.033208
2019,08,28,0.028660
2019,08,28,0.021765
2019,08,28,0.024692
2019,08,28,0.021727
2019,08,28,0.019970
2019,08,28,0.020889
2019,08,28,0.023585
2019,08,28,0.023195
2019,08,28,0.021241
2019,08,28,0.022729
2019,08,28,0.022915
2019,08,28,0.021213
2019,08,28,0.024953
2019,08,28,0.022044
2019,08,28,0.021851
2019,08,28,0.022036
2019,08,28,0.021425
2019,08,28,0.022806
2019,08,28,0.024010
2019,08,28,0.023119
2019,08,28,0.020961
2019,08,28,0.022863
2019,08,28,0.020752
2019,08,28,0.020769
2019,08,28,0.023049
2019,08,28,0.022778
2019,08,28,0.023269
2019,08,28,0.020992
2019,08,28,0.022439
2019,08,28,0.021011
2019,08,28,0.022649
2019,08,28,0.022601
2019,08,28,0.023173
2019,08,28,0.020978
2019,08,28,0.022703
2019,08,28,0.022582
2019,08,28,0.023506
2019,08,28,0.020989
2019,08,28,0.022764
2019,08,28,0.022814
2019,08,28,0.023138
2019,08,28,0.024043
2019,08,28,0.022974
2019,08,28,0.022580
2019,08,28,0.021014
2019,08,28,0.023824
2019,08,28,0.021083
2019,08,28,0.021905
2019,08,28,0.022769
2019,08,28,0.022866
2019,08,28,0.028193
2019,08,28,0.024727
2019,08,28,0.021266
2019,08,28,0.022712
2019,08,28,0.020998
2019,08,28,0.022292
2019,08,28,0.023126
2019,08,28,0.047559
2019,08,28,0.021134
2019,08,28,0.022599
2019,08,28,0.022849
2019,08,28,0.021295
2019,08,28,0.022679
2019,08,28,0.024131
2019,08,28,0.022951
2019,08,28,0.032367
2019,08,28,0.022863
2019,08,28,0.023548
2019,08,28,0.023200
2019,08,28,0.022968
2019,08,28,0.023275
2019,08,28,0.022624
2019,08,28,0.024259
2019,08,28,0.022808
2019,08,28,0.021581
2019,08,28,0.020469
2019,08,28,0.021110
2019,08,28,0.022420
2019,08,28,0.020732
2019,08,28,0.020676
2019,08,28,0.035855
2019,08,28,0.022190
2019,08,28,0.022887
2019,08,28,0.021186
2019,08,28,0.023498
2019,08,28,0.023772
2019,08,28,0.022583
2019,08,28,0.023130
2019,08,28,0.022828
2019,08,28,0.025315
2019,08,28,0.017966
2019,08,28,0.024244
2019,08,28,0.022300
2019,08,28,0.022608
2019,08,28,0.022796
2019,08,28,0.022984
2019,08,28,0.023411
2019,08,28,0.023140
2019,08,28,0.020888
2019,08,28,0.023494
2019,08,28,0.022932
2019,08,28,0.032582
2019,08,28,0.022760
2019,08,28,0.023210
2019,08,28,0.023086
2019,08,28,0.023965
2019,08,28,0.021008
2019,08,28,0.022804
2019,08,28,0.024053
2019,08,28,0.023106
2019,08,28,0.023082
2019,08,28,0.020703
2019,08,28,0.024078
2019,08,28,0.021617
2019,08,28,0.022505
2019,08,28,0.024576
2019,08,28,0.034575
2019,08,28,0.030466
2019,08,28,0.039224
2019,08,28,0.028480
2019,08,28,0.038569
2019,08,28,0.021022
2019,08,28,0.048179
2019,08,28,0.021545
2019,08,28,0.038498
2019,08,28,0.030478
2019,08,28,0.017690
2019,08,28,0.043159
2019,08,28,0.029271
2019,08,28,0.022538
2019,08,28,0.029259
2019,08,28,0.029301
2019,08,28,0.025544
2019,08,28,0.045320
2019,08,28,0.048403
2019,08,28,0.021094
2019,08,28,0.025919
2019,08,28,0.054358
2019,08,28,0.022220
2019,08,28,0.028511
2019,08,28,0.034882
2019,08,28,0.052806
2019,08,28,0.032442
2019,08,28,0.029146
2019,08,28,0.022535
2019,08,28,0.027864
2019,08,28,0.056284
2019,08,28,0.045450
2019,08,28,0.051918
2019,08,28,0.037480
2019,08,28,0.030584
2019,08,28,0.023960
2019,08,28,0.021188
2019,08,28,0.020633
2019,08,28,0.030568
2019,08,28,0.041268
2019,08,28,0.040774
2019,08,28,0.041265
2019,08,28,0.045748
2019,08,28,0.043963
2019,08,28,0.045051
2019,08,28,0.041936
2019,08,28,0.052412
2019,08,28,0.030467
2019,08,28,0.024956
2019,08,28,0.029574
2019,08,28,0.029323
2019,08,28,0.022618
2019,08,28,0.034444
2019,08,28,0.029179
2019,08,28,0.042700
2019,08,28,0.040832
2019,08,28,0.035729
2019,08,28,0.016216
2019,08,28,0.020465
2019,08,28,0.026211
2019,08,28,0.023307
2019,08,28,0.024937
2019,08,28,0.022195
2019,08,28,0.028054
2019,08,28,0.020806
2019,08,28,0.021294
2019,08,28,0.021076
2019,08,28,0.022723
2019,08,28,0.023240
2019,08,28,0.057756
2019,08,28,0.027535
2019,08,28,0.026481
2019,08,28,0.033351
2019,08,28,0.026205
2019,08,28,0.022569
2019,08,28,0.047841
2019,08,28,0.023294
2019,08,28,0.022406
2019,08,28,0.023561
2019,08,28,0.021020
2019,08,28,0.023091
2019,08,28,0.023071
2019,08,28,0.022107
2019,08,28,0.021283
2019,08,28,0.021523
2019,08,28,0.020960
2019,08,28,0.024503
2019,08,28,0.023802
2019,08,28,0.021061
2019,08,28,0.021120
2019,08,28,0.023878
2019,08,28,0.034815
2019,08,28,0.022560
2019,08,28,0.023533
2019,08,28,0.025145
2019,08,28,0.020958
2019,08,28,0.022779
2019,08,28,0.022472
2019,08,28,0.023410
2019,08,28,0.021764
2019,08,28,0.021190
2019,08,28,0.022903
2019,08,28,0.021134
2019,08,28,0.023061
2019,08,28,0.022884
2019,08,28,0.022206
2019,08,28,0.021392
2019,08,28,0.022884
2019,08,28,0.020881
2019,08,28,0.022348
2019,08,28,0.022789
2019,08,28,0.023787
2019,08,28,0.022947
2019,08,28,0.048359
2019,08,28,0.021274
2019,08,28,0.021083
2019,08,28,0.023537
2019,08,28,0.022313
2019,08,28,0.022758
2019,08,28,0.022886
2019,08,28,0.020843
2019,08,28,0.022469
2019,08,28,0.022934
2019,08,28,0.022936
2019,08,28,0.022275
2019,08,28,0.022791
2019,08,28,0.021007
2019,08,28,0.022994
2019,08,28,0.021328
2019,08,28,0.023181
2019,08,28,0.022791
2019,08,28,0.022970
2019,08,28,0.022554
2019,08,28,0.023276
2019,08,28,0.022722
2019,08,28,0.022999
2019,08,28,0.022551
2019,08,28,0.023016
2019,08,28,0.022009
2019,08,28,0.047322
2019,08,28,0.023062
2019,08,28,0.021057
2019,08,28,0.047595
2019,08,28,0.021722
2019,08,28,0.020605
2019,08,28,0.022559
2019,08,28,0.023109
2019,08,28,0.021244
2019,08,28,0.022285
2019,08,28,0.022299
2019,08,28,0.022744
2019,08,28,0.022867
2019,08,28,0.022811
2019,08,28,0.017342
2019,08,28,0.024878
2019,08,28,0.021064
2019,08,28,0.023061
2019,08,28,0.023738
2019,08,28,0.022695
2019,08,28,0.027855
2019,08,28,0.024995
2019,08,28,0.020630
2019,08,28,0.022260
2019,08,28,0.023402
2019,08,28,0.021619
2019,08,28,0.031562
2019,08,28,0.022719
2019,08,28,0.022796
2019,08,28,0.023142
2019,08,28,0.022966
2019,08,28,0.022791
2019,08,28,0.022740
2019,08,28,0.023946
2019,08,28,0.021565
2019,08,28,0.023038
2019,08,28,0.023235
2019,08,28,0.023053
2019,08,28,0.022710
2019,08,28,0.022592
2019,08,28,0.021117
2019,08,28,0.022551
2019,08,28,0.022670
2019,08,28,0.023095
2019,08,28,0.023508
2019,08,28,0.021233
2019,08,28,0.022856
2019,08,28,0.024501
2019,08,28,0.023169
2019,08,28,0.021854
2019,08,28,0.021493
2019,08,28,0.018516
2019,08,28,0.031436
2019,08,28,0.022953
2019,08,28,0.019220
2019,08,28,0.026730
2019,08,28,0.023166
2019,08,28,0.036636
2019,08,28,0.021737
2019,08,28,0.056500
2019,08,28,0.044307
2019,08,28,0.023905
2019,08,28,0.017822
2019,08,28,0.013946
2019,08,28,0.028616
2019,08,28,0.020063
2019,08,28,0.027002
2019,08,28,0.036840
2019,08,28,0.050985
2019,08,28,0.036027
2019,08,28,0.033100
2019,08,28,0.040643
2019,08,28,0.049739
2019,08,28,0.022029
2019,08,28,0.060808
2019,08,28,0.034699
2019,08,28,0.024414
2019,08,28,0.022403
2019,08,28,0.027963
2019,08,28,0.035605
2019,08,28,0.046487
2019,08,28,0.053584
2019,08,28,0.036072
2019,08,28,0.053241
2019,08,28,0.030814
2019,08,28,0.030170
2019,08,28,0.023278
2019,08,28,0.022341
2019,08,28,0.032121
2019,08,28,0.051740
2019,08,28,0.042465
2019,08,28,0.058761
2019,08,28,0.034195
2019,08,28,0.041639
2019,08,28,0.048172
2019,08,28,0.033303
2019,08,28,0.042372
2019,08,28,0.045425
2019,08,28,0.039115
2019,08,28,0.025535
2019,08,28,0.020168
2019,08,28,0.043867
2019,08,28,0.041698
2019,08,28,0.027166
2019,08,28,0.026364
2019,08,28,0.025951
2019,08,28,0.022979
2019,08,28,0.035244
2019,08,28,0.037276
2019,08,28,0.039068
2019,08,28,0.022129
2019,08,28,0.024535
2019,08,28,0.034572
2019,08,28,0.028149
2019,08,28,0.028680
2019,08,28,0.019709
2019,08,28,0.036198
2019,08,28,0.027438
2019,08,28,0.042806
2019,08,28,0.026306
2019,08,28,0.022697
2019,08,28,0.023203
2019,08,28,0.032331
2019,08,28,0.023901
2019,08,28,0.033664
2019,08,28,0.032402
2019,08,28,0.098105
2019,08,28,0.027352
2019,08,28,0.033439
2019,08,28,0.057166
2019,08,28,0.032440
2019,08,28,0.019955
2019,08,28,0.014851
2019,08,28,0.014218
2019,08,28,0.014522
2019,08,28,0.025954
2019,08,28,0.042709
2019,08,28,0.032536
2019,08,28,0.033547
2019,08,28,0.057379
2019,08,28,0.034328
2019,08,28,0.019490
2019,08,28,0.031176
2019,08,28,0.043067
2019,08,28,0.022454
2019,08,28,0.026950
2019,08,28,0.024016
2019,08,28,0.046089
2019,08,28,0.035477
2019,08,28,0.025619
2019,08,28,0.021136
2019,08,28,0.049479
2019,08,28,0.021636
2019,08,28,0.030819
2019,08,28,0.035602
2019,08,28,0.045816
2019,08,28,0.057504
2019,08,28,0.032065
2019,08,28,0.040126
2019,08,28,0.023314
2019,08,28,0.032153
2019,08,28,0.022817
2019,08,28,0.026124
2019,08,28,0.048452
2019,08,28,0.032101
2019,08,28,0.025770
2019,08,28,0.023804
2019,08,28,0.022919
2019,08,28,0.021414
2019,08,28,0.024318
2019,08,28,0.033330
2019,08,28,0.022994
2019,08,28,0.023870
2019,08,28,0.023701
2019,08,28,0.023494
2019,08,28,0.023350
2019,08,28,0.021469
2019,08,28,0.023041
2019,08,28,0.024020
2019,08,28,0.022056
2019,08,28,0.021219
2019,08,28,0.020967
2019,08,28,0.033691
2019,08,28,0.022021
2019,08,28,0.021079
2019,08,28,0.022328
2019,08,28,0.022233
2019,08,28,0.023017
2019,08,28,0.021362
2019,08,28,0.023253
2019,08,28,0.022994
2019,08,28,0.022193
2019,08,28,0.047879
2019,08,28,0.022941
2019,08,28,0.022551
2019,08,28,0.023951
2019,08,28,0.022801
2019,08,28,0.022869
2019,08,28,0.022835
2019,08,28,0.028065
2019,08,28,0.074253
2019,08,28,0.017232
2019,08,28,0.012780
2019,08,28,0.016613
2019,08,28,0.024120
2019,08,28,0.030355
2019,08,28,0.035160
2019,08,28,0.032793
2019,08,28,0.025501
2019,08,28,0.022326
2019,08,28,0.040040
2019,08,28,0.036710
2019,08,28,0.026587
2019,08,28,0.024185
2019,08,28,0.023716
2019,08,28,0.054681
2019,08,28,0.038919
2019,08,28,0.051134
2019,08,28,0.034696
2019,08,28,0.024228
2019,08,28,0.027460
2019,08,28,0.048922
2019,08,28,0.041558
2019,08,28,0.037017
2019,08,28,0.047004
2019,08,28,0.044986
2019,08,28,0.038603
2019,08,28,0.057461
2019,08,28,0.037119
2019,08,28,0.032218
2019,08,28,0.025641
2019,08,28,0.038213
2019,08,28,0.042902
2019,08,28,0.024344
2019,08,28,0.033976
2019,08,28,0.038695
2019,08,28,0.045204
2019,08,28,0.045224
2019,08,28,0.040625
2019,08,28,0.042189
2019,08,28,0.044935
2019,08,28,0.041113
2019,08,28,0.038270
2019,08,28,0.043980
2019,08,28,0.041892
2019,08,28,0.044655
2019,08,28,0.041891
2019,08,28,0.043026
2019,08,28,0.044011
2019,08,28,0.044834
2019,08,28,0.039902
2019,08,28,0.040433
2019,08,28,0.044366
2019,08,28,0.042599
2019,08,28,0.029376
2019,08,28,0.027847
2019,08,28,0.025694
2019,08,28,0.028793
2019,08,28,0.028995
2019,08,28,0.030553
2019,08,28,0.041840
2019,08,28,0.027923
2019,08,28,0.018516
2019,08,28,0.027234
2019,08,28,0.022681
2019,08,28,0.047520
2019,08,28,0.035451
2019,08,28,0.028228
2019,08,28,0.023744
2019,08,28,0.024116
2019,08,28,0.039597
2019,08,28,0.024651
2019,08,28,0.018745
2019,08,28,0.021633
2019,08,28,0.056185
2019,08,28,0.025370
2019,08,28,0.023944
2019,08,28,0.023081
2019,08,28,0.021802
2019,08,28,0.018050
2019,08,28,0.022901
2019,08,28,0.022745
2019,08,28,0.021019
2019,08,28,0.024084
2019,08,28,0.021011
2019,08,28,0.023391
2019,08,28,0.022093
2019,08,28,0.023642
2019,08,28,0.018630
2019,08,28,0.022030
2019,08,28,0.022325
2019,08,28,0.027842
2019,08,28,0.018164
2019,08,28,0.017646
2019,08,28,0.037589
2019,08,28,0.025898
2019,08,28,0.016810
2019,08,28,0.014155
2019,08,28,0.014571
2019,08,28,0.014178
2019,08,28,0.014468
2019,08,28,0.020178
2019,08,28,0.028982
2019,08,28,0.022351
2019,08,28,0.022738
2019,08,28,0.019453
2019,08,28,0.017487
2019,08,28,0.033496
2019,08,28,0.055055
2019,08,28,0.020680
2019,08,28,0.054097
2019,08,28,0.030481
2019,08,28,0.024257
2019,08,28,0.034989
2019,08,28,0.042858
2019,08,28,0.049076
2019,08,28,0.045749
2019,08,28,0.048332
2019,08,28,0.028191
2019,08,28,0.029390
2019,08,28,0.036988
2019,08,28,0.028036
2019,08,28,0.027577
2019,08,28,0.028634
2019,08,28,0.022797
2019,08,28,0.044969
2019,08,28,0.023840
2019,08,28,0.025317
2019,08,28,0.045550
2019,08,28,0.046246
2019,08,28,0.058997
2019,08,28,0.041841
2019,08,28,0.043945
2019,08,28,0.042941
2019,08,28,0.043398
2019,08,28,0.045117
2019,08,28,0.038382
2019,08,28,0.044527
2019,08,28,0.029928
2019,08,28,0.024642
2019,08,28,0.052437
2019,08,28,0.029358
2019,08,28,0.029480
2019,08,28,0.026548
2019,08,28,0.027649
2019,08,28,0.033280
2019,08,28,0.016692
2019,08,28,0.020912
2019,08,28,0.028113
2019,08,28,0.019982
2019,08,28,0.018461
2019,08,28,0.038510
2019,08,28,0.027240
2019,08,28,0.019861
2019,08,28,0.028028
2019,08,28,0.027876
2019,08,28,0.027563
2019,08,28,0.029047
2019,08,28,0.029288
2019,08,28,0.014782
2019,08,28,0.020848
2019,08,28,0.023711
2019,08,28,0.020835
2019,08,28,0.019017
2019,08,28,0.021283
2019,08,28,0.026494
2019,08,28,0.025387
2019,08,28,0.019094
2019,08,28,0.026341
2019,08,28,0.015424
2019,08,28,0.020786
2019,08,28,0.032366
2019,08,28,0.019338
2019,08,28,0.020775
2019,08,28,0.027642
2019,08,28,0.020018
2019,08,28,0.025412
2019,08,28,0.019895
2019,08,28,0.022561
2019,08,28,0.022542
2019,08,28,0.022854
2019,08,28,0.022828
2019,08,28,0.023726
2019,08,28,0.019716
2019,08,28,0.022919
2019,08,28,0.021117
2019,08,28,0.024735
2019,08,28,0.024121
2019,08,28,0.020825
2019,08,28,0.024935
2019,08,28,0.020768
2019,08,28,0.023901
2019,08,28,0.023181
2019,08,28,0.021204
2019,08,28,0.022996
2019,08,28,0.023687
2019,08,28,0.021441
2019,08,28,0.020897
2019,08,28,0.022717
2019,08,28,0.022744
2019,08,28,0.021108
2019,08,28,0.022697
2019,08,28,0.022287
2019,08,28,0.020984
2019,08,28,0.023676
2019,08,28,0.021031
2019,08,28,0.023380
2019,08,28,0.020963
2019,08,28,0.022462
2019,08,28,0.022883
2019,08,28,0.022929
2019,08,28,0.022313
2019,08,28,0.023590
2019,08,28,0.024529
2019,08,28,0.022575
2019,08,28,0.022846
2019,08,28,0.022574
2019,08,28,0.022850
2019,08,28,0.022765
2019,08,28,0.032434
2019,08,28,0.023600
2019,08,28,0.022811
2019,08,28,0.023219
2019,08,28,0.023455
2019,08,28,0.022600
2019,08,28,0.024379
2019,08,28,0.021221
2019,08,28,0.022734
2019,08,28,0.023234
2019,08,28,0.022887
2019,08,28,0.022804
2019,08,28,0.022615
2019,08,28,0.023151
2019,08,28,0.022812
2019,08,28,0.022013
2019,08,28,0.014877
2019,08,28,0.025740
2019,08,28,0.026915
2019,08,28,0.021046
2019,08,28,0.020891
2019,08,28,0.022501
2019,08,28,0.022512
2019,08,28,0.022173
2019,08,28,0.026612
2019,08,28,0.016183
2019,08,28,0.027605
2019,08,28,0.026555
2019,08,28,0.022964
2019,08,28,0.022435
2019,08,28,0.020847
2019,08,28,0.022298
2019,08,28,0.022842
2019,08,28,0.022487
2019,08,28,0.020944
2019,08,28,0.020958
2019,08,28,0.031294
2019,08,28,0.025416
2019,08,28,0.022768
2019,08,28,0.046898
2019,08,28,0.038648
2019,08,28,0.046870
2019,08,28,0.053513
2019,08,28,0.046007
2019,08,28,0.045619
2019,08,28,0.056485
2019,08,28,0.042742
2019,08,28,0.044735
2019,08,28,0.043998
2019,08,28,0.060575
2019,08,28,0.047546
2019,08,28,0.044716
2019,08,28,0.032367
2019,08,28,0.046246
2019,08,28,0.044682
2019,08,28,0.040794
2019,08,28,0.034927
2019,08,28,0.026774
2019,08,28,0.023747
2019,08,28,0.043013
2019,08,28,0.029524
2019,08,28,0.034139
2019,08,28,0.039497
2019,08,28,0.037055
2019,08,28,0.023478
2019,08,28,0.025003
2019,08,28,0.034933
2019,08,28,0.049377
2019,08,28,0.027091
2019,08,28,0.025774
2019,08,28,0.022280
2019,08,28,0.020547
2019,08,28,0.027232
2019,08,28,0.031995
2019,08,28,0.024679
2019,08,28,0.031487
2019,08,28,0.028094
2019,08,28,0.021318
2019,08,28,0.050344
2019,08,28,0.038112
2019,08,28,0.050646
2019,08,28,0.051335
2019,08,28,0.044932
2019,08,28,0.045850
2019,08,28,0.041717
2019,08,28,0.044559
2019,08,28,0.047523
2019,08,28,0.033002
2019,08,28,0.045526
2019,08,28,0.044665
2019,08,28,0.045003
2019,08,28,0.042275
2019,08,28,0.056486
2019,08,28,0.029117
2019,08,28,0.027559
2019,08,28,0.037732
2019,08,28,0.048727
2019,08,28,0.025294
2019,08,28,0.036880
2019,08,28,0.021681
2019,08,28,0.043622
2019,08,28,0.024663
2019,08,28,0.026860
2019,08,28,0.031416
2019,08,28,0.031055
2019,08,28,0.031617
2019,08,28,0.045255
2019,08,28,0.048817
2019,08,28,0.028941
2019,08,28,0.030639
2019,08,28,0.027054
2019,08,28,0.025361
2019,08,28,0.036530
2019,08,28,0.024700
2019,08,28,0.029877
2019,08,28,0.044130
2019,08,28,0.043816
2019,08,28,0.044716
2019,08,28,0.042945
2019,08,28,0.045054
2019,08,28,0.040059
2019,08,28,0.043220
2019,08,28,0.038025
2019,08,28,0.023259
2019,08,28,0.020656
2019,08,28,0.039172
2019,08,28,0.020408
2019,08,28,0.031986
2019,08,28,0.041223
2019,08,28,0.043412
2019,08,28,0.038207
2019,08,28,0.025863
2019,08,28,0.025400
2019,08,28,0.044125
2019,08,28,0.048449
2019,08,28,0.039486
2019,08,28,0.042207
2019,08,28,0.041262
2019,08,28,0.044199
2019,08,28,0.041974
2019,08,28,0.042577
2019,08,28,0.040388
2019,08,28,0.039343
2019,08,28,0.053745
2019,08,28,0.052015
2019,08,28,0.040571
2019,08,28,0.036065
2019,08,28,0.033956
2019,08,28,0.038052
2019,08,28,0.042020
2019,08,28,0.019237
2019,08,28,0.029123
2019,08,28,0.030063
2019,08,28,0.027837
2019,08,28,0.029651
2019,08,28,0.052540
2019,08,28,0.029804
2019,08,28,0.024425
2019,08,28,0.019376
2019,08,28,0.030390
2019,08,28,0.019435
2019,08,28,0.028624
2019,08,28,0.035619
2019,08,28,0.040657
2019,08,28,0.049821
2019,08,28,0.024205
2019,08,28,0.018437
2019,08,28,0.033879
2019,08,28,0.025262
2019,08,28,0.020100
2019,08,28,0.022503
2019,08,28,0.033269
2019,08,28,0.045361
2019,08,28,0.035252
2019,08,28,0.027874
2019,08,28,0.031851
2019,08,28,0.034484
2019,08,28,0.020335
2019,08,28,0.034691
2019,08,28,0.023421
2019,08,28,0.055503
2019,08,28,0.047509
2019,08,28,0.043046
2019,08,28,0.052553
2019,08,28,0.046138
2019,08,28,0.020247
2019,08,28,0.043185
2019,08,28,0.020000
2019,08,28,0.037316
2019,08,28,0.049767
2019,08,28,0.042364
2019,08,28,0.030886
2019,08,28,0.037070
2019,08,28,0.027070
2019,08,28,0.036327
2019,08,28,0.019641
2019,08,28,0.038292
2019,08,28,0.043939
2019,08,28,0.039409
2019,08,28,0.045702
2019,08,28,0.049780
2019,08,28,0.045713
2019,08,28,0.038747
2019,08,28,0.044907
2019,08,28,0.042738
2019,08,28,0.050995
2019,08,28,0.040298
2019,08,28,0.044985
2019,08,28,0.034082
2019,08,28,0.025492
2019,08,28,0.028410
2019,08,28,0.025522
2019,08,28,0.023208
2019,08,28,0.046462
2019,08,28,0.028635
2019,08,28,0.027477
2019,08,28,0.021346
2019,08,28,0.047212
2019,08,28,0.025249
2019,08,28,0.021065
2019,08,28,0.035353
2019,08,28,0.019406
2019,08,28,0.022892
2019,08,28,0.020977
2019,08,28,0.020630
2019,08,28,0.020908
2019,08,28,0.023437
2019,08,28,0.022908
2019,08,28,0.023797
2019,08,28,0.023573
2019,08,28,0.021173
2019,08,28,0.023063
2019,08,28,0.020840
2019,08,28,0.022839
2019,08,28,0.023755
2019,08,28,0.020755
2019,08,28,0.022633
2019,08,28,0.022378
2019,08,28,0.020972
2019,08,28,0.022687
2019,08,28,0.022553
2019,08,28,0.042292
2019,08,28,0.025478
2019,08,28,0.028276
2019,08,28,0.016670
2019,08,28,0.023538
2019,08,28,0.020512
2019,08,28,0.025048
2019,08,28,0.022661
2019,08,28,0.033428
2019,08,28,0.020752
2019,08,28,0.020797
2019,08,28,0.023323
2019,08,28,0.023046
2019,08,28,0.019983
2019,08,28,0.034003
2019,08,28,0.027994
2019,08,28,0.027278
2019,08,28,0.016661
2019,08,28,0.022767
2019,08,28,0.027698
2019,08,28,0.021993
2019,08,28,0.022484
2019,08,28,0.028075
2019,08,28,0.026328
2019,08,28,0.018267
2019,08,28,0.031246
2019,08,28,0.034160
2019,08,28,0.047898
2019,08,28,0.044254
2019,08,28,0.041003
2019,08,28,0.046598
2019,08,28,0.040756
2019,08,28,0.039829
2019,08,28,0.034075
2019,08,28,0.022635
2019,08,28,0.047774
2019,08,28,0.029099
2019,08,28,0.029065
2019,08,28,0.027708
2019,08,28,0.030469
2019,08,28,0.022856
2019,08,28,0.051107
2019,08,28,0.023600
2019,08,28,0.017573
2019,08,28,0.029971
2019,08,28,0.051009
2019,08,28,0.020631
2019,08,28,0.027229
2019,08,28,0.032764
2019,08,28,0.028134
2019,08,28,0.031578
2019,08,28,0.024482
2019,08,28,0.023037
2019,08,28,0.030475
2019,08,28,0.021245
2019,08,28,0.020838
2019,08,28,0.013772
2019,08,28,0.022183
2019,08,28,0.020321
2019,08,28,0.025939
2019,08,28,0.021251
2019,08,28,0.020921
2019,08,28,0.023816
2019,08,28,0.021803
2019,08,28,0.022101
2019,08,28,0.033569
2019,08,28,0.024071
2019,08,28,0.021311
2019,08,28,0.024100
2019,08,28,0.022871
2019,08,28,0.033806
2019,08,28,0.016761
2019,08,28,0.020979
2019,08,28,0.029850
2019,08,28,0.018853
2019,08,28,0.016521
2019,08,28,0.025818
2019,08,28,0.019764
2019,08,28,0.030910
2019,08,28,0.054943
2019,08,28,0.043396
2019,08,28,0.043793
2019,08,28,0.039591
2019,08,28,0.055168
2019,08,28,0.020614
2019,08,28,0.034802
2019,08,28,0.034951
2019,08,28,0.025188
2019,08,28,0.043848
2019,08,28,0.029815
2019,08,28,0.029219
2019,08,28,0.033142
2019,08,28,0.026664
2019,08,28,0.045353
2019,08,28,0.017373
2019,08,28,0.033917
2019,08,28,0.019093
2019,08,28,0.048402
2019,08,28,0.037617
2019,08,28,0.046225
2019,08,28,0.055742
2019,08,28,0.022770
2019,08,28,0.038596
2019,08,28,0.023059
2019,08,28,0.024360
2019,08,28,0.028646
2019,08,28,0.027281
2019,08,28,0.049411
2019,08,28,0.017805
2019,08,28,0.036155
2019,08,28,0.045291
2019,08,28,0.020529
2019,08,28,0.039684
2019,08,28,0.027574
2019,08,28,0.021080
2019,08,28,0.025055
2019,08,28,0.019668
2019,08,28,0.022939
2019,08,28,0.019006
2019,08,28,0.022121
2019,08,28,0.022091
2019,08,28,0.038028
2019,08,28,0.024837
2019,08,28,0.027528
2019,08,28,0.016201
2019,08,28,0.020758
2019,08,28,0.028526
2019,08,28,0.015470
2019,08,28,0.019695
2019,08,28,0.019428
2019,08,28,0.023518
2019,08,28,0.021383
2019,08,28,0.028380
2019,08,28,0.023602
2019,08,28,0.021272
2019,08,28,0.028633
2019,08,28,0.026835
2019,08,28,0.016819
2019,08,28,0.025863
2019,08,28,0.017772
2019,08,28,0.028260
2019,08,28,0.030200
2019,08,28,0.039167
2019,08,28,0.044853
2019,08,28,0.043326
2019,08,28,0.053236
2019,08,28,0.026639
2019,08,28,0.039506
2019,08,28,0.022365
2019,08,28,0.040491
2019,08,28,0.026381
2019,08,28,0.020756
2019,08,28,0.015761
2019,08,28,0.013323
2019,08,28,0.014867
2019,08,28,0.026014
2019,08,28,0.028452
2019,08,28,0.027275
2019,08,28,0.022429
2019,08,28,0.024986
2019,08,28,0.026949
2019,08,28,0.020913
2019,08,28,0.020912
2019,08,28,0.022716
2019,08,28,0.015111
2019,08,28,0.014869
2019,08,28,0.054704
2019,08,28,0.040868
2019,08,28,0.020309
2019,08,28,0.022782
2019,08,28,0.021929
2019,08,28,0.022631
2019,08,28,0.028040
2019,08,28,0.021462
2019,08,28,0.032227
2019,08,28,0.030628
2019,08,28,0.031933
2019,08,28,0.031524
2019,08,28,0.032580
2019,08,28,0.031797
2019,08,28,0.026421
2019,08,28,0.021976
2019,08,28,0.037437
2019,08,28,0.020317
2019,08,28,0.057307
2019,08,28,0.037614
2019,08,28,0.026395
2019,08,28,0.023393
2019,08,28,0.043911
2019,08,28,0.022311
2019,08,28,0.054638
2019,08,28,0.038138
2019,08,28,0.027547
2019,08,28,0.026493
2019,08,28,0.040029
2019,08,28,0.042384
2019,08,28,0.046952
2019,08,28,0.040874
2019,08,28,0.053832
2019,08,28,0.034075
2019,08,28,0.023494
2019,08,28,0.023574
2019,08,28,0.024969
2019,08,28,0.021425
2019,08,28,0.027547
2019,08,28,0.021924
2019,08,28,0.022165
2019,08,28,0.025001
2019,08,28,0.024991
2019,08,28,0.026188
2019,08,28,0.026346
2019,08,28,0.026252
2019,08,28,0.027819
2019,08,28,0.032839
2019,08,28,0.047320
2019,08,28,0.041851
2019,08,28,0.042775
2019,08,28,0.031121
2019,08,28,0.024312
2019,08,28,0.022108
2019,08,28,0.042687
2019,08,28,0.049874
2019,08,28,0.040935
2019,08,28,0.045573
2019,08,28,0.040818
2019,08,28,0.038132
2019,08,28,0.023976
2019,08,28,0.021751
2019,08,28,0.047746
2019,08,28,0.045122
2019,08,28,0.043207
2019,08,28,0.045069
2019,08,28,0.041956
2019,08,28,0.040902
2019,08,28,0.041358
2019,08,28,0.052686
2019,08,28,0.028175
2019,08,28,0.020224
2019,08,28,0.022918
2019,08,28,0.023503
2019,08,28,0.039721
2019,08,28,0.043210
2019,08,28,0.043929
2019,08,28,0.044349
2019,08,28,0.039997
2019,08,28,0.043667
2019,08,28,0.045331
2019,08,28,0.042445
2019,08,28,0.042499
2019,08,28,0.046020
2019,08,28,0.037526
2019,08,28,0.026758
2019,08,28,0.058426
2019,08,28,0.032444
2019,08,28,0.067840
2019,08,28,0.024349
2019,08,28,0.026250
2019,08,28,0.032748
2019,08,28,0.025682
2019,08,28,0.023492
2019,08,28,0.020986
2019,08,28,0.022924
2019,08,28,0.021426
2019,08,28,0.039623
2019,08,28,0.019648
2019,08,28,0.019460
2019,08,28,0.023178
2019,08,28,0.021562
2019,08,28,0.024781
2019,08,28,0.031280
2019,08,28,0.025647
2019,08,28,0.032897
2019,08,28,0.021882
2019,08,28,0.018876
2019,08,28,0.023270
2019,08,28,0.023657
2019,08,28,0.022631
2019,08,28,0.020728
2019,08,28,0.023395
2019,08,28,0.022485
2019,08,28,0.020878
2019,08,28,0.022915
2019,08,28,0.021029
2019,08,28,0.022856
2019,08,28,0.020727
2019,08,28,0.020866
2019,08,28,0.022482
2019,08,28,0.020853
2019,08,28,0.022513
2019,08,28,0.022870
2019,08,28,0.023580
2019,08,28,0.021219
2019,08,28,0.022882
2019,08,28,0.022397
2019,08,28,0.022176
2019,08,28,0.027370
2019,08,28,0.027574
2019,08,28,0.021300
2019,08,28,0.023193
2019,08,28,0.022414
2019,08,28,0.021006
2019,08,28,0.026955
2019,08,28,0.021282
2019,08,28,0.022641
2019,08,28,0.021276
2019,08,28,0.023141
2019,08,28,0.021145
2019,08,28,0.022851
2019,08,28,0.022328
2019,08,28,0.020835
2019,08,28,0.024941
2019,08,28,0.021685
2019,08,28,0.023561
2019,08,28,0.021248
2019,08,28,0.023414
2019,08,28,0.044932
2019,08,28,0.021080
2019,08,28,0.023207
2019,08,28,0.020740
2019,08,28,0.022493
2019,08,28,0.047988
2019,08,28,0.172497
2019,08,28,0.041688
2019,08,28,0.166207
2019,08,28,0.050115
2019,08,28,0.040363
2019,08,28,0.041239
2019,08,28,0.042972
2019,08,28,0.028655
2019,08,28,0.026526
2019,08,28,0.034679
2019,08,28,0.074923
2019,08,28,0.043914
2019,08,28,0.066915
2019,08,28,0.041789
2019,08,28,0.055632
2019,08,28,0.019702
2019,08,28,0.024446
2019,08,28,0.022858
2019,08,28,0.021131
2019,08,28,0.023052
2019,08,28,0.023675
2019,08,28,0.020859
2019,08,28,0.023100
2019,08,28,0.020684
2019,08,28,0.020977
2019,08,28,0.020608
2019,08,28,0.023221
2019,08,28,0.022319
2019,08,28,0.023696
2019,08,28,0.022433
2019,08,28,0.021020
2019,08,28,0.022917
2019,08,28,0.020814
2019,08,28,0.021552
2019,08,28,0.022122
2019,08,28,0.020847
2019,08,28,0.020872
2019,08,28,0.023979
2019,08,28,0.023059
2019,08,28,0.026504
2019,08,28,0.022130
2019,08,28,0.019114
2019,08,28,0.020870
2019,08,28,0.022136
2019,08,28,0.024574
2019,08,28,0.021269
2019,08,28,0.022848
2019,08,28,0.020976
2019,08,28,0.020861
2019,08,28,0.020903
2019,08,28,0.053862
2019,08,28,0.041773
2019,08,28,0.043243
2019,08,28,0.040076
2019,08,28,0.043971
2019,08,28,0.040014
2019,08,28,0.030702
2019,08,28,0.026321
2019,08,28,0.042850
2019,08,28,0.026061
2019,08,28,0.043165
2019,08,28,0.054347
2019,08,28,0.045114
2019,08,28,0.028213
2019,08,28,0.028978
2019,08,28,0.020588
2019,08,28,0.020774
2019,08,28,0.022114
2019,08,28,0.021277
2019,08,28,0.020520
2019,08,28,0.020622
2019,08,28,0.023157
2019,08,28,0.021203
2019,08,28,0.022628
2019,08,28,0.021975
2019,08,28,0.022389
2019,08,28,0.020852
2019,08,28,0.035132
2019,08,28,0.026369
2019,08,28,0.021054
2019,08,28,0.021206
2019,08,28,0.020737
2019,08,28,0.020634
2019,08,28,0.023211
2019,08,28,0.020857
2019,08,28,0.020845
2019,08,28,0.023547
2019,08,28,0.023590
2019,08,28,0.021171
2019,08,28,0.024229
2019,08,28,0.021067
2019,08,28,0.024973
2019,08,28,0.020772
2019,08,28,0.023250
2019,08,28,0.021122
2019,08,28,0.022505
2019,08,28,0.021052
2019,08,28,0.023440
2019,08,28,0.020554
2019,08,28,0.022875
2019,08,28,0.022666
2019,08,28,0.024293
2019,08,28,0.033200
2019,08,28,0.022926
2019,08,28,0.020872
2019,08,28,0.023808
2019,08,28,0.022626
2019,08,28,0.020834
2019,08,28,0.021183
2019,08,28,0.023897
2019,08,28,0.020977
2019,08,28,0.021338
2019,08,28,0.027789
2019,08,28,0.025628
2019,08,28,0.021021
2019,08,28,0.020827
2019,08,28,0.021524
2019,08,28,0.021038
2019,08,28,0.020450
2019,08,28,0.031623
2019,08,28,0.030041
2019,08,28,0.022793
2019,08,28,0.023775
2019,08,28,0.020974
2019,08,28,0.022724
2019,08,28,0.022228
2019,08,28,0.022505
2019,08,28,0.033080
2019,08,28,0.022776
2019,08,28,0.022465
2019,08,28,0.020846
2019,08,28,0.020877
2019,08,28,0.020587
2019,08,28,0.022829
2019,08,28,0.022661
2019,08,28,0.020839
2019,08,28,0.024438
2019,08,28,0.020788
2019,08,28,0.023189
2019,08,28,0.020585
2019,08,28,0.020532
2019,08,28,0.021079
2019,08,28,0.022173
2019,08,28,0.021010
2019,08,28,0.022316
2019,08,28,0.031449
2019,08,28,0.020657
2019,08,28,0.022670
2019,08,28,0.020552
2019,08,28,0.020619
2019,08,28,0.020683
2019,08,28,0.029765
2019,08,28,0.025566
2019,08,28,0.021943
2019,08,28,0.022738
2019,08,28,0.023235
2019,08,28,0.020586
2019,08,28,0.020156
2019,08,28,0.023273
2019,08,28,0.024348
2019,08,28,0.021484
2019,08,28,0.020519
2019,08,28,0.020792
2019,08,28,0.022580
2019,08,28,0.022471
2019,08,28,0.023951
2019,08,28,0.034176
2019,08,28,0.022891
2019,08,28,0.020738
2019,08,28,0.022643
2019,08,28,0.020941
2019,08,28,0.022702
2019,08,28,0.023207
2019,08,28,0.022330
2019,08,28,0.020904
2019,08,28,0.022437
2019,08,28,0.022472
2019,08,28,0.021382
2019,08,28,0.023811
2019,08,28,0.021307
2019,08,28,0.019982
2019,08,28,0.023132
2019,08,28,0.020994
2019,08,28,0.069947
2019,08,28,0.054277
2019,08,28,0.028379
2019,08,28,0.034373
2019,08,28,0.046566
2019,08,28,0.053902
2019,08,28,0.045521
2019,08,28,0.024424
2019,08,28,0.025639
2019,08,28,0.044136
2019,08,28,0.048248
2019,08,28,0.048984
2019,08,28,0.021579
2019,08,28,0.023454
2019,08,28,0.056934
2019,08,28,0.043772
2019,08,28,0.042243
2019,08,28,0.043199
2019,08,28,0.044449
2019,08,28,0.055111
2019,08,28,0.046485
2019,08,28,0.043080
2019,08,28,0.043738
2019,08,28,0.043012
2019,08,28,0.042909
2019,08,28,0.043196
2019,08,28,0.042160
2019,08,28,0.044165
2019,08,28,0.042085
2019,08,28,0.041969
2019,08,28,0.055411
2019,08,28,0.039322
2019,08,28,0.022829
2019,08,28,0.049808
2019,08,28,0.043452
2019,08,28,0.042909
2019,08,28,0.044904
2019,08,28,0.046950
2019,08,28,0.036377
2019,08,28,0.019397
2019,08,28,0.038186
2019,08,28,0.042678
2019,08,28,0.026612
2019,08,28,0.031254
2019,08,28,0.046035
2019,08,28,0.040263
2019,08,28,0.039892
2019,08,28,0.042350
2019,08,28,0.052676
2019,08,28,0.034167
2019,08,28,0.051838
2019,08,28,0.039718
2019,08,28,0.041598
2019,08,28,0.044559
2019,08,28,0.045328
2019,08,28,0.036975
2019,08,28,0.048800
2019,08,28,0.043857
2019,08,28,0.045019
2019,08,28,0.042437
2019,08,28,0.044011
2019,08,28,0.053066
2019,08,28,0.051439
2019,08,28,0.035673
2019,08,28,0.031998
2019,08,28,0.025126
2019,08,28,0.030370
2019,08,28,0.038493
2019,08,28,0.021971
2019,08,28,0.046822
2019,08,28,0.041942
2019,08,28,0.043703
2019,08,28,0.044916
2019,08,28,0.041903
2019,08,28,0.044751
2019,08,28,0.044879
2019,08,28,0.046313
2019,08,28,0.045165
2019,08,28,0.045608
2019,08,28,0.043997
2019,08,28,0.045484
2019,08,28,0.053022
2019,08,28,0.041284
2019,08,28,0.020489
2019,08,28,0.025449
2019,08,28,0.047432
2019,08,28,0.029421
2019,08,28,0.026946
2019,08,28,0.028010
2019,08,28,0.040909
2019,08,28,0.026163
2019,08,28,0.044622
2019,08,28,0.022748
2019,08,28,0.023384
2019,08,28,0.022706
2019,08,28,0.023678
2019,08,28,0.021157
2019,08,28,0.022576
2019,08,28,0.022536
2019,08,28,0.021242
2019,08,28,0.023556
2019,08,28,0.023383
2019,08,28,0.022555
2019,08,28,0.028114
2019,08,28,0.022477
2019,08,28,0.019003
2019,08,28,0.022902
2019,08,28,0.020782
2019,08,28,0.024044
2019,08,28,0.021446
2019,08,28,0.021114
2019,08,28,0.022622
2019,08,28,0.031912
2019,08,28,0.026017
2019,08,28,0.021030
2019,08,28,0.022462
2019,08,28,0.023169
2019,08,28,0.024003
2019,08,28,0.020992
2019,08,28,0.021030
2019,08,28,0.019729
2019,08,28,0.022989
2019,08,28,0.024693
2019,08,28,0.031041
2019,08,28,0.021209
2019,08,28,0.023780
2019,08,28,0.023058
2019,08,28,0.023649
2019,08,28,0.021404
2019,08,28,0.024314
2019,08,28,0.021336
2019,08,28,0.022745
2019,08,28,0.023328
2019,08,28,0.022741
2019,08,28,0.033647
2019,08,28,0.021041
2019,08,28,0.022817
2019,08,28,0.021117
2019,08,28,0.025434
2019,08,28,0.023154
2019,08,28,0.020956
2019,08,28,0.020690
2019,08,28,0.023870
2019,08,28,0.020963
2019,08,28,0.022848
2019,08,28,0.021156
2019,08,28,0.031860
2019,08,28,0.021156
2019,08,28,0.023926
2019,08,28,0.023065
2019,08,28,0.020981
2019,08,28,0.023400
2019,08,28,0.023147
2019,08,28,0.021334
2019,08,28,0.023011
2019,08,28,0.021148
2019,08,28,0.020739
2019,08,28,0.022523
2019,08,28,0.020055
2019,08,28,0.023328
2019,08,28,0.023074
2019,08,28,0.020562
2019,08,28,0.019923
2019,08,28,0.021270
2019,08,28,0.022590
2019,08,28,0.022245
2019,08,28,0.023291
2019,08,28,0.019233
2019,08,28,0.022589
2019,08,28,0.022929
2019,08,28,0.022641
2019,08,28,0.022844
2019,08,28,0.021354
2019,08,28,0.039858
2019,08,28,0.026297
2019,08,28,0.022362
2019,08,28,0.022279
2019,08,28,0.020899
2019,08,28,0.025888
2019,08,28,0.025049
2019,08,28,0.021209
2019,08,28,0.030482
2019,08,28,0.027180
2019,08,28,0.021379
2019,08,28,0.032939
2019,08,28,0.025819
2019,08,28,0.020590
2019,08,28,0.023945
2019,08,28,0.048860
2019,08,28,0.021499
2019,08,28,0.049269
2019,08,28,0.031773
2019,08,28,0.045826
2019,08,28,0.030705
2019,08,28,0.039049
2019,08,28,0.054553
2019,08,28,0.035146
2019,08,28,0.031041
2019,08,28,0.034745
2019,08,28,0.053750
2019,08,28,0.029716
2019,08,28,0.024902
2019,08,28,0.021062
2019,08,28,0.035733
2019,08,28,0.033143
2019,08,28,0.022924
2019,08,28,0.024779
2019,08,28,0.026425
2019,08,28,0.032025
2019,08,28,0.029844
2019,08,28,0.034752
2019,08,28,0.050460
2019,08,28,0.033649
2019,08,28,0.020064
2019,08,28,0.021209
2019,08,28,0.047209
2019,08,28,0.025014
2019,08,28,0.027897
2019,08,28,0.036967
2019,08,28,0.053065
2019,08,28,0.044340
2019,08,28,0.066063
2019,08,28,0.035670
2019,08,28,0.059107
2019,08,28,0.035742
2019,08,28,0.022509
2019,08,28,0.030758
2019,08,28,0.036388
2019,08,28,0.071526
2019,08,28,0.041610
2019,08,28,0.029488
2019,08,28,0.034579
2019,08,28,0.036066
2019,08,28,0.055274
2019,08,28,0.028360
2019,08,28,0.031670
2019,08,28,0.034437
2019,08,28,0.042034
2019,08,28,0.023047
2019,08,28,0.042459
2019,08,28,0.039052
2019,08,28,0.044071
2019,08,28,0.056570
2019,08,28,0.031095
2019,08,28,0.022051
2019,08,28,0.045451
2019,08,28,0.025907
2019,08,28,0.052412
2019,08,28,0.029805
2019,08,28,0.052315
2019,08,28,0.041075
2019,08,28,0.021098
2019,08,28,0.018669
2019,08,28,0.044319
2019,08,28,0.041535
2019,08,28,0.037927
2019,08,28,0.043407
2019,08,28,0.028139
2019,08,28,0.022264
2019,08,28,0.013893
2019,08,28,0.032171
2019,08,28,0.020691
2019,08,28,0.025436
2019,08,28,0.025293
2019,08,28,0.023393
2019,08,28,0.033425
2019,08,28,0.021037
2019,08,28,0.023684
2019,08,28,0.033650
2019,08,28,0.043381
2019,08,28,0.030161
2019,08,28,0.032770
2019,08,28,0.037265
2019,08,28,0.026470
2019,08,28,0.025916
2019,08,28,0.054253
2019,08,28,0.033496
2019,08,28,0.023668
2019,08,28,0.027485
2019,08,28,0.019855
2019,08,28,0.023440
2019,08,28,0.029806
2019,08,28,0.020216
2019,08,28,0.051388
2019,08,28,0.031656
2019,08,28,0.023937
2019,08,28,0.022738
2019,08,28,0.023436
2019,08,28,0.020740
2019,08,28,0.023510
2019,08,28,0.022895
2019,08,28,0.032149
2019,08,28,0.023900
2019,08,28,0.021187
2019,08,28,0.026005
2019,08,28,0.021835
2019,08,28,0.020700
2019,08,28,0.024642
2019,08,28,0.021118
2019,08,28,0.022930
2019,08,28,0.020622
2019,08,28,0.022576
2019,08,28,0.020983
2019,08,28,0.025343
2019,08,28,0.021169
2019,08,28,0.020823
2019,08,28,0.032610
2019,08,28,0.022208
2019,08,28,0.020475
2019,08,28,0.020260
2019,08,28,0.021191
2019,08,28,0.020914
2019,08,28,0.023130
2019,08,28,0.022930
2019,08,28,0.022317
2019,08,28,0.029749
2019,08,28,0.021684
2019,08,28,0.023716
2019,08,28,0.023040
2019,08,28,0.021064
2019,08,28,0.023060
2019,08,28,0.024925
2019,08,28,0.024595
2019,08,28,0.021382
2019,08,28,0.021098
2019,08,28,0.021055
2019,08,28,0.024090
2019,08,28,0.030951
2019,08,28,0.022692
2019,08,28,0.021456
2019,08,28,0.023375
2019,08,28,0.023183
2019,08,28,0.023622
2019,08,28,0.035450
2019,08,28,0.021690
2019,08,28,0.022886
2019,08,28,0.023106
2019,08,28,0.020772
2019,08,28,0.015326
2019,08,28,0.023507
2019,08,28,0.030861
2019,08,28,0.023131
2019,08,28,0.023784
2019,08,28,0.028124
2019,08,28,0.031510
2019,08,28,0.026244
2019,08,28,0.018822
2019,08,28,0.039363
2019,08,28,0.054237
2019,08,28,0.041302
2019,08,28,0.043939
2019,08,28,0.047780
2019,08,28,0.043924
2019,08,28,0.027778
2019,08,28,0.029664
2019,08,28,0.038018
2019,08,28,0.037465
2019,08,28,0.025682
2019,08,28,0.021315
2019,08,28,0.026955
2019,08,28,0.033519
2019,08,28,0.047092
2019,08,28,0.032240
2019,08,28,0.025872
2019,08,28,0.054292
2019,08,28,0.048440
2019,08,28,0.040768
2019,08,28,0.039027
2019,08,28,0.036714
2019,08,28,0.021391
2019,08,28,0.029917
2019,08,28,0.024283
2019,08,28,0.036290
2019,08,28,0.023683
2019,08,28,0.074455
2019,08,28,0.049878
2019,08,28,0.047644
2019,08,28,0.045381
2019,08,28,0.028331
2019,08,28,0.033018
2019,08,28,0.019659
2019,08,28,0.042356
2019,08,28,0.046235
2019,08,28,0.045099
2019,08,28,0.047349
2019,08,28,0.043279
2019,08,28,0.034932
2019,08,28,0.080069
2019,08,28,0.029932
2019,08,28,0.038377
2019,08,28,0.024107
2019,08,28,0.020292
2019,08,28,0.021780
2019,08,28,0.032282
2019,08,28,0.027279
2019,08,28,0.028438
2019,08,28,0.063730
2019,08,28,0.041306
2019,08,28,0.052122
2019,08,28,0.047696
2019,08,28,0.054894
2019,08,28,0.023748
2019,08,28,0.020327
2019,08,28,0.021008
2019,08,28,0.039216
2019,08,28,0.043580
2019,08,28,0.044961
2019,08,28,0.046881
2019,08,28,0.043680
2019,08,28,0.037770
2019,08,28,0.022456
2019,08,28,0.028840
2019,08,28,0.053288
2019,08,28,0.024239
2019,08,28,0.021278
2019,08,28,0.028928
2019,08,28,0.031808
2019,08,28,0.024459
2019,08,28,0.024398
2019,08,28,0.030134
2019,08,28,0.037120
2019,08,28,0.048472
2019,08,28,0.042999
2019,08,28,0.041472
2019,08,28,0.045409
2019,08,28,0.044742
2019,08,28,0.044341
2019,08,28,0.043906
2019,08,28,0.047275
2019,08,28,0.023686
2019,08,28,0.021572
2019,08,28,0.044123
2019,08,28,0.030542
2019,08,28,0.023780
2019,08,28,0.029252
2019,08,28,0.044919
2019,08,28,0.045188
2019,08,28,0.042489
2019,08,28,0.038192
2019,08,28,0.044729
2019,08,28,0.040567
2019,08,28,0.034917
2019,08,28,0.029352
2019,08,28,0.040076
2019,08,28,0.028122
2019,08,28,0.022909
2019,08,28,0.066141
2019,08,28,0.023796
2019,08,28,0.032632
2019,08,28,0.022323
2019,08,28,0.020839
2019,08,28,0.047428
2019,08,28,0.046468
2019,08,28,0.044652
2019,08,28,0.062161
2019,08,28,0.022489
2019,08,28,0.032493
2019,08,28,0.044086
2019,08,28,0.022801
2019,08,28,0.021402
2019,08,28,0.020995
2019,08,28,0.023159
2019,08,28,0.023679
2019,08,28,0.023718
2019,08,28,0.021186
2019,08,28,0.024268
2019,08,28,0.021071
2019,08,28,0.024673
2019,08,28,0.022245
2019,08,28,0.022127
2019,08,28,0.022483
2019,08,28,0.022546
2019,08,28,0.025039
2019,08,28,0.034014
2019,08,28,0.016475
2019,08,28,0.014717
2019,08,28,0.021361
2019,08,28,0.022800
2019,08,28,0.021616
2019,08,28,0.024257
2019,08,28,0.039335
2019,08,28,0.024152
2019,08,28,0.029902
2019,08,28,0.042981
2019,08,28,0.043259
2019,08,28,0.040376
2019,08,28,0.025970
2019,08,28,0.028551
2019,08,28,0.034639
2019,08,28,0.026880
2019,08,28,0.021558
2019,08,28,0.022567
2019,08,28,0.020881
2019,08,28,0.025047
2019,08,28,0.021021
2019,08,28,0.022817
2019,08,28,0.023647
2019,08,28,0.023122
2019,08,28,0.021269
2019,08,28,0.023607
2019,08,28,0.022344
2019,08,28,0.020916
2019,08,28,0.024279
2019,08,28,0.021247
2019,08,28,0.023728
2019,08,28,0.023515
2019,08,28,0.021026
2019,08,28,0.022903
2019,08,28,0.023299
2019,08,28,0.021165
2019,08,28,0.021006
2019,08,28,0.023868
2019,08,28,0.022298
2019,08,28,0.021096
2019,08,28,0.023201
2019,08,28,0.022145
2019,08,28,0.020934
2019,08,28,0.023043
2019,08,28,0.023186
2019,08,28,0.021170
2019,08,28,0.024820
2019,08,28,0.020968
2019,08,28,0.022717
2019,08,28,0.020906
2019,08,28,0.031100
2019,08,28,0.048635
2019,08,28,0.025480
2019,08,28,0.025242
2019,08,28,0.043544
2019,08,28,0.027170
2019,08,28,0.028999
2019,08,28,0.038302
2019,08,28,0.042515
2019,08,28,0.037569
2019,08,28,0.025444
2019,08,28,0.020452
2019,08,28,0.027982
2019,08,28,0.039496
2019,08,28,0.080272
2019,08,28,0.031511
2019,08,28,0.026897
2019,08,28,0.028428
2019,08,28,0.015363
2019,08,28,0.015315
2019,08,28,0.013534
2019,08,28,0.014654
2019,08,28,0.021129
2019,08,28,0.025367
2019,08,28,0.060430
2019,08,28,0.017432
2019,08,28,0.022635
